Intensity (Arbitrary Unity)
Acquisition 	2020/10/14 16:25:49.261
Save 	2020/10/14 21:59:34.952

ASO Size : 40 x 32; ASO Step : 114.077560 um x 114.052567 um
Area Size : 160 x 128; Area Step : 28.519390 um x 28.513142 um
																																																																																																																																																															
																																																																																																																																																															
																																																																																																																																																															
																																																																																																																																																															
																																																																																																																																																															
																																																																																																																																																															
																																																																																																																																																															
																																																																																																																																																															
																																																																																																																																																															
																																																																																																																																																															
																																																																																																																																																															
																																																																																																																																																															
																																																																																																																																																															
																																																																																																																																																															
																																																																																																																																																															
																																																																																																																																																															
																																																																																																																																																															
																																																																																											0.283394	0.278713	0.276399	0.281532	0.296061	0.312308	0.321666	0.315626	0.293289																																																												
																																																																																							0.277193	0.286692	0.294829	0.300376	0.302494	0.303530	0.306190	0.313892	0.329464	0.345717	0.354288	0.346698	0.321356	0.288862	0.260760																																																										
																																																																											0.230085	0.248923	0.264444	0.271721	0.271125	0.267088	0.264120	0.266200	0.272152	0.279564	0.286280	0.290312	0.291932	0.292766	0.294427	0.298262	0.303590	0.309972	0.317160	0.325859	0.339316	0.352496	0.359158	0.352847	0.331938	0.305053	0.281685	0.270657	0.271025																																																								
																																																																							0.263767	0.272138	0.282802	0.296878	0.318014	0.340227	0.356160	0.358636	0.347222	0.329673	0.314213	0.308123	0.309337	0.313329	0.316006	0.313401	0.305356	0.296050	0.289890	0.290959	0.298768	0.309888	0.320884	0.329434	0.338842	0.347027	0.350805	0.346718	0.333361	0.316066	0.300828	0.293526	0.294630	0.297633	0.295603																																																						
																																																																				0.300985	0.309384	0.318722	0.329040	0.340601	0.353665	0.369673	0.392700	0.415873	0.430779	0.429031	0.409524	0.382117	0.357439	0.344868	0.341657	0.342089	0.341040	0.333461	0.318895	0.303000	0.291821	0.291131	0.300856	0.315321	0.328626	0.335997	0.340456	0.342748	0.342731	0.339891	0.332928	0.324089	0.316118	0.312121	0.313751	0.315698	0.311918	0.295992	0.265767																																																				
																																																																		0.310783	0.319775	0.331176	0.343461	0.355406	0.367827	0.380859	0.394394	0.409404	0.429572	0.449015	0.460475	0.456598	0.436019	0.407911	0.382268	0.367803	0.361572	0.358786	0.355344	0.347163	0.333721	0.319796	0.310536	0.311111	0.322340	0.337961	0.351187	0.356187	0.355264	0.351178	0.346110	0.341664	0.336176	0.330261	0.325065	0.322291	0.324011	0.325761	0.322250	0.307791	0.280250	0.248160	0.221074																																																		
																																																																0.323504	0.321797	0.326641	0.336383	0.348728	0.361785	0.374205	0.387575	0.401128	0.413581	0.424387	0.435888	0.445508	0.449851	0.445284	0.430520	0.410908	0.392418	0.379985	0.370904	0.363846	0.358253	0.353477	0.349144	0.346400	0.346552	0.351570	0.363899	0.378309	0.388601	0.389074	0.380562	0.367653	0.354881	0.345861	0.338098	0.331305	0.325939	0.323011	0.324467	0.326702	0.325363	0.315950	0.297341	0.275531	0.257122	0.248194	0.247913																																																
																																																															0.337606	0.334744	0.334039	0.338734	0.347941	0.359602	0.371838	0.383505	0.396844	0.410012	0.420403	0.425701	0.426541	0.424392	0.420596	0.416133	0.409955	0.402480	0.394462	0.385970	0.374763	0.363760	0.356691	0.357105	0.364912	0.376683	0.388865	0.399281	0.412141	0.424009	0.430021	0.425259	0.408848	0.386873	0.365951	0.351419	0.339834	0.330449	0.323537	0.319799	0.320753	0.323674	0.325252	0.322408	0.315449	0.307046	0.299891	0.296725	0.298100	0.300540	0.300246																																														
																																																														0.347699	0.346123	0.344448	0.344873	0.349448	0.357996	0.368702	0.379729	0.390068	0.402299	0.413992	0.421822	0.422376	0.414862	0.403749	0.393944	0.389908	0.390826	0.393323	0.394124	0.389578	0.377929	0.365169	0.358088	0.363266	0.380969	0.404262	0.425829	0.440237	0.452888	0.462012	0.464118	0.455219	0.433116	0.404727	0.377940	0.359107	0.344095	0.332062	0.323390	0.318726	0.319041	0.322394	0.326464	0.329495	0.333081	0.336854	0.339943	0.342026	0.344853	0.346413	0.344073	0.334733	0.316414																																												
																																																													0.356089	0.355211	0.354359	0.353952	0.355485	0.360473	0.369204	0.379779	0.390128	0.398957	0.408633	0.417294	0.422280	0.420645	0.411035	0.398201	0.387516	0.383918	0.386680	0.391832	0.395454	0.393379	0.384206	0.373969	0.369390	0.377100	0.397752	0.423844	0.447349	0.462133	0.473536	0.480571	0.480583	0.470285	0.447134	0.417807	0.390047	0.370041	0.353564	0.340062	0.330245	0.324911	0.324464	0.327568	0.332704	0.339078	0.348967	0.360130	0.369532	0.374960	0.378780	0.380051	0.377074	0.367520	0.348990	0.327012	0.308082																																										
																																																											0.356855	0.356951	0.356731	0.358180	0.359384	0.360911	0.363934	0.369762	0.379026	0.389576	0.398975	0.405313	0.410037	0.413129	0.414122	0.412216	0.406182	0.398459	0.391968	0.389298	0.389742	0.391653	0.393529	0.393631	0.390938	0.388551	0.390013	0.399074	0.416941	0.438256	0.457063	0.468808	0.477455	0.482273	0.481289	0.472040	0.452560	0.427934	0.404066	0.385518	0.368523	0.353543	0.342205	0.335949	0.334358	0.336549	0.341726	0.349892	0.363665	0.379552	0.393110	0.400823	0.405236	0.406472	0.403883	0.396289	0.381770	0.364067	0.347664	0.336786																																									
																																																										0.337787	0.342748	0.348938	0.355057	0.359891	0.363559	0.367115	0.371622	0.378354	0.388191	0.398685	0.407014	0.410551	0.409563	0.406321	0.403114	0.401911	0.401956	0.402287	0.402137	0.400559	0.396832	0.392863	0.390863	0.392753	0.397863	0.405164	0.413789	0.423426	0.435860	0.449023	0.460216	0.467448	0.472757	0.475417	0.474048	0.467042	0.453415	0.436087	0.418406	0.402693	0.385914	0.369794	0.357053	0.349928	0.347142	0.348161	0.352821	0.361757	0.377701	0.396375	0.412487	0.421690	0.426473	0.427864	0.426183	0.421437	0.412604	0.401039	0.388467	0.376133	0.362635																																								
																																																									0.330954	0.327897	0.334733	0.345990	0.357256	0.364785	0.370237	0.375145	0.380602	0.387955	0.398232	0.408716	0.416256	0.417633	0.412161	0.403974	0.397598	0.397291	0.402784	0.410178	0.415485	0.414669	0.406994	0.397477	0.391581	0.394408	0.405513	0.420386	0.434460	0.443998	0.451202	0.456872	0.461175	0.464382	0.466875	0.467874	0.466443	0.461654	0.453391	0.442738	0.430860	0.418202	0.402458	0.386259	0.373049	0.365581	0.361974	0.361984	0.365926	0.374871	0.391452	0.411089	0.428199	0.438120	0.443207	0.444984	0.444321	0.442008	0.437884	0.431374	0.421930	0.408322	0.388144	0.365833																																							
																																																								0.357477	0.340253	0.337363	0.344984	0.357327	0.369517	0.377399	0.382753	0.387360	0.392540	0.399861	0.410373	0.421108	0.428650	0.429450	0.422559	0.412791	0.405458	0.405649	0.413358	0.423504	0.430787	0.429910	0.420131	0.407737	0.399515	0.401838	0.414261	0.431003	0.446172	0.454779	0.459091	0.461074	0.462085	0.463338	0.464528	0.464848	0.463551	0.459981	0.454340	0.447014	0.438347	0.428143	0.414611	0.400333	0.388553	0.381812	0.378180	0.377688	0.380955	0.389247	0.404869	0.423481	0.439856	0.449642	0.455106	0.457577	0.457754	0.456393	0.453788	0.448790	0.440112	0.425657	0.402477	0.376599	0.355209																																						
																																																							0.372347	0.366265	0.362071	0.364618	0.372739	0.383136	0.392728	0.398697	0.401516	0.403372	0.406404	0.412916	0.423772	0.435517	0.444279	0.446192	0.440710	0.432427	0.426306	0.427162	0.435210	0.445347	0.452187	0.450344	0.439048	0.424711	0.414258	0.414125	0.423626	0.437240	0.449414	0.455388	0.457096	0.456719	0.455947	0.456302	0.457451	0.458316	0.457872	0.455194	0.450482	0.444394	0.437559	0.430196	0.420991	0.411477	0.403653	0.399026	0.396195	0.395522	0.397809	0.404286	0.416527	0.431204	0.444363	0.452821	0.458665	0.462296	0.463494	0.462222	0.459069	0.453287	0.443920	0.429134	0.405793	0.379912	0.358723	0.349985																																					
																																																						0.350274	0.360768	0.374933	0.388622	0.398514	0.406840	0.413947	0.419516	0.422858	0.422646	0.421338	0.421904	0.427365	0.438328	0.450961	0.461083	0.464714	0.461948	0.456638	0.452776	0.454301	0.461605	0.470226	0.475385	0.472273	0.460102	0.444733	0.432520	0.429251	0.433878	0.442012	0.449388	0.452344	0.452335	0.451084	0.449949	0.450232	0.451946	0.453772	0.454329	0.452294	0.447671	0.441778	0.435988	0.431356	0.426984	0.423015	0.419872	0.417779	0.416115	0.415484	0.416707	0.420772	0.428376	0.437602	0.446236	0.452707	0.458891	0.463858	0.466067	0.464264	0.459212	0.451147	0.440085	0.425121	0.403102	0.379136	0.359517	0.351126	0.356889																																				
																																																					0.334179	0.333257	0.354264	0.384544	0.412369	0.427893	0.435878	0.439820	0.441920	0.443514	0.441968	0.439457	0.439051	0.443819	0.454192	0.466526	0.476891	0.481674	0.481420	0.479014	0.477302	0.479152	0.485051	0.491481	0.494626	0.490603	0.478642	0.463653	0.450992	0.445388	0.445442	0.448291	0.451374	0.452564	0.452979	0.453255	0.453718	0.454829	0.457100	0.459388	0.460341	0.458574	0.453775	0.447745	0.442461	0.439632	0.438630	0.438583	0.438772	0.438526	0.437903	0.437497	0.437909	0.439710	0.442880	0.446875	0.451132	0.455617	0.462071	0.468206	0.471107	0.468213	0.460318	0.448925	0.435356	0.419960	0.399580	0.378077	0.360440	0.352285	0.356481	0.363586																																			
																																																				0.370286	0.340634	0.339543	0.362712	0.396148	0.426559	0.442637	0.449278	0.451263	0.452086	0.454358	0.455540	0.456406	0.458538	0.463598	0.472089	0.481678	0.489776	0.494016	0.494788	0.493939	0.493280	0.494669	0.498527	0.502435	0.503736	0.499690	0.489612	0.477156	0.466341	0.460537	0.458096	0.457845	0.459062	0.461401	0.466055	0.471780	0.476912	0.480170	0.482617	0.484118	0.484208	0.482228	0.477454	0.471510	0.466310	0.463512	0.462508	0.462452	0.462642	0.462508	0.462387	0.462400	0.462575	0.462846	0.462909	0.463234	0.464407	0.467512	0.474351	0.481437	0.484583	0.479965	0.468222	0.452327	0.435184	0.418615	0.399311	0.379862	0.363978	0.355986	0.358538	0.363770	0.362669																																		
																																																			0.404890	0.381350	0.364277	0.365876	0.384327	0.409852	0.432801	0.444713	0.448282	0.448377	0.449258	0.454686	0.463557	0.473581	0.482705	0.489219	0.494004	0.497595	0.500282	0.502241	0.503127	0.503224	0.502932	0.502675	0.502587	0.502065	0.500440	0.496916	0.490962	0.484083	0.478007	0.473839	0.469684	0.466964	0.467744	0.474482	0.488823	0.506115	0.521001	0.528933	0.531910	0.531814	0.530003	0.527374	0.522554	0.516476	0.510535	0.505795	0.501338	0.497323	0.494199	0.492490	0.492519	0.493330	0.493829	0.492881	0.490202	0.487304	0.485854	0.488078	0.496141	0.504930	0.508452	0.501025	0.482871	0.459376	0.436090	0.417271	0.399278	0.382707	0.369292	0.361339	0.361057	0.363195	0.361596																																		
																																																		0.398209	0.395526	0.394249	0.395541	0.400898	0.411611	0.424464	0.435703	0.441617	0.441809	0.440521	0.442298	0.451744	0.469701	0.490443	0.507740	0.516006	0.516566	0.513240	0.509610	0.508738	0.509342	0.510070	0.509899	0.507786	0.503512	0.498412	0.493947	0.491416	0.490482	0.490294	0.490069	0.488439	0.483302	0.478828	0.480008	0.492284	0.517909	0.548437	0.574369	0.587470	0.590723	0.588386	0.583995	0.580329	0.575287	0.568892	0.561803	0.554261	0.544914	0.535324	0.527532	0.523544	0.523535	0.525266	0.526346	0.524467	0.519570	0.514041	0.510392	0.511773	0.520750	0.530750	0.534135	0.523490	0.498502	0.467003	0.437262	0.416051	0.399420	0.385864	0.375016	0.367006	0.363485	0.362121	0.359979	0.355159																																	
																																																	0.391152	0.382185	0.391721	0.409094	0.425551	0.433750	0.437285	0.438705	0.439580	0.440571	0.438790	0.437426	0.440684	0.453310	0.477756	0.506006	0.528951	0.538314	0.535654	0.527169	0.518850	0.515848	0.516137	0.517267	0.517305	0.514264	0.507692	0.500178	0.494558	0.493514	0.496919	0.502261	0.506953	0.507877	0.502840	0.497884	0.499984	0.516636	0.550629	0.590747	0.624444	0.640727	0.643147	0.637962	0.630618	0.625556	0.620093	0.613367	0.605291	0.595304	0.581760	0.567416	0.555647	0.549691	0.549567	0.552011	0.553615	0.551200	0.545068	0.537995	0.532785	0.532911	0.541071	0.550196	0.552087	0.538659	0.509116	0.472605	0.438910	0.416242	0.400593	0.389097	0.379978	0.371860	0.365851	0.361851	0.359417	0.359486																																	
																																																0.434227	0.398085	0.390127	0.403909	0.426681	0.447100	0.455375	0.455204	0.451448	0.448053	0.447801	0.447261	0.448225	0.453606	0.467069	0.491609	0.519567	0.542040	0.550879	0.547400	0.537997	0.528941	0.525585	0.525667	0.526850	0.527382	0.525476	0.520751	0.515503	0.512238	0.513398	0.519100	0.526748	0.533591	0.536386	0.533033	0.529576	0.532958	0.550728	0.585944	0.626979	0.660771	0.675748	0.675160	0.666245	0.655562	0.648537	0.642213	0.635106	0.626573	0.615536	0.600428	0.584415	0.571279	0.564635	0.564450	0.567154	0.569029	0.566748	0.561116	0.554387	0.548671	0.546641	0.550525	0.554678	0.552536	0.537490	0.508465	0.473503	0.441319	0.419233	0.403694	0.392117	0.382886	0.374649	0.368084	0.363638	0.361575	0.363684	0.375249																																
																																															0.458312	0.436948	0.420201	0.419139	0.431578	0.449363	0.464649	0.470394	0.468230	0.463024	0.459352	0.460929	0.465435	0.472250	0.481428	0.493821	0.512160	0.531952	0.547679	0.554208	0.552087	0.545719	0.539530	0.537146	0.536439	0.536621	0.537520	0.538970	0.540982	0.543706	0.547302	0.552071	0.558533	0.565693	0.572354	0.576841	0.577344	0.577951	0.583481	0.599477	0.629113	0.662614	0.688810	0.697588	0.690972	0.676377	0.660923	0.650539	0.642161	0.633946	0.624904	0.613756	0.599361	0.584520	0.572500	0.566437	0.566340	0.569061	0.571314	0.570438	0.568110	0.564754	0.560306	0.555005	0.549890	0.543337	0.533333	0.517585	0.494840	0.469061	0.444765	0.425560	0.408984	0.394710	0.383150	0.374771	0.369825	0.367509	0.366905	0.368649	0.377937																																
																																														0.423636	0.428239	0.437996	0.448519	0.456493	0.464977	0.473207	0.479456	0.481702	0.478692	0.474119	0.472217	0.476899	0.487659	0.501260	0.514476	0.524814	0.534322	0.542763	0.549270	0.552889	0.553206	0.551727	0.550149	0.549589	0.548288	0.547476	0.548966	0.554648	0.565035	0.577555	0.589366	0.598009	0.604382	0.609747	0.615149	0.621176	0.626420	0.632170	0.640200	0.653137	0.674164	0.696410	0.711737	0.712462	0.698991	0.678465	0.658215	0.644392	0.634011	0.624900	0.615703	0.604954	0.592083	0.579316	0.569146	0.563978	0.563859	0.566322	0.568777	0.569500	0.571101	0.571825	0.569043	0.560131	0.544709	0.525909	0.507116	0.491182	0.476768	0.462807	0.448596	0.433120	0.415217	0.397451	0.382850	0.374281	0.371626	0.372175	0.373139	0.373208	0.377051	0.379752																															
																																													0.402499	0.386685	0.406688	0.442062	0.474819	0.489789	0.494084	0.493389	0.491475	0.490916	0.488149	0.485350	0.485871	0.493246	0.508576	0.526859	0.542542	0.550673	0.552513	0.551333	0.550162	0.551554	0.554311	0.557476	0.560418	0.562170	0.561498	0.561015	0.563819	0.573151	0.589938	0.609705	0.627499	0.638879	0.644880	0.648564	0.652811	0.660097	0.669448	0.679687	0.689881	0.700039	0.713261	0.725404	0.731205	0.725316	0.706709	0.682102	0.658818	0.643099	0.632289	0.623687	0.615285	0.605137	0.593177	0.581439	0.572068	0.567115	0.566572	0.568398	0.570469	0.571683	0.575242	0.577979	0.575615	0.563621	0.540523	0.512815	0.487723	0.471784	0.463669	0.458613	0.452045	0.439552	0.421013	0.401003	0.384333	0.375508	0.374167	0.376285	0.377776	0.375864	0.374478	0.371154																															
																																												0.479560	0.406250	0.387720	0.411849	0.454109	0.492596	0.508643	0.510217	0.505363	0.500047	0.498810	0.497613	0.497301	0.499983	0.508189	0.523660	0.541545	0.556253	0.562606	0.561215	0.556443	0.552655	0.553595	0.557766	0.563420	0.569189	0.573593	0.576045	0.578808	0.584421	0.595634	0.613525	0.633908	0.652083	0.663752	0.669609	0.673028	0.677315	0.685475	0.696952	0.709483	0.720874	0.729876	0.739408	0.746828	0.748489	0.740373	0.720694	0.695851	0.673066	0.658688	0.650759	0.645540	0.639728	0.630214	0.617193	0.603514	0.592090	0.585629	0.583850	0.584420	0.584990	0.584200	0.585097	0.584978	0.580098	0.566364	0.542062	0.513569	0.488064	0.472084	0.464454	0.460204	0.454500	0.442778	0.425263	0.406219	0.390032	0.380786	0.378080	0.378364	0.378054	0.374614	0.371129	0.366022	0.356706																														
																																											0.572443	0.499391	0.437112	0.421587	0.441366	0.475734	0.506564	0.518203	0.516549	0.509390	0.503056	0.502737	0.505427	0.509944	0.515969	0.523722	0.534998	0.547183	0.557004	0.561278	0.559853	0.556113	0.553637	0.555423	0.559998	0.566328	0.573777	0.581848	0.590915	0.600977	0.611918	0.623947	0.638146	0.652863	0.666045	0.675661	0.681506	0.685883	0.691260	0.699981	0.711974	0.724992	0.736708	0.745642	0.754362	0.760925	0.762524	0.755861	0.738842	0.717558	0.699001	0.689672	0.688881	0.691048	0.690557	0.682128	0.666102	0.647305	0.630667	0.620659	0.616415	0.614619	0.612075	0.606318	0.599395	0.591042	0.580359	0.566160	0.547331	0.526543	0.506923	0.491239	0.478722	0.467629	0.456375	0.443422	0.428697	0.413835	0.400565	0.390467	0.383289	0.377785	0.372738	0.367510	0.363924	0.360186	0.353869																														
																																											0.565025	0.519299	0.478402	0.468667	0.480191	0.499845	0.516943	0.521988	0.517531	0.509668	0.503983	0.505452	0.512789	0.522732	0.532272	0.538966	0.544333	0.548790	0.552309	0.554593	0.554711	0.554202	0.554957	0.558430	0.563408	0.570054	0.578910	0.590912	0.607483	0.625789	0.642440	0.654467	0.662832	0.669221	0.675101	0.681492	0.687073	0.692585	0.699206	0.708182	0.719934	0.732654	0.744328	0.753653	0.762776	0.770138	0.773456	0.769920	0.757391	0.741531	0.728900	0.726005	0.733612	0.744192	0.749660	0.742379	0.722726	0.697835	0.675035	0.660906	0.653932	0.649555	0.643478	0.631800	0.615265	0.596783	0.579165	0.565052	0.554260	0.544395	0.533011	0.517680	0.498097	0.477097	0.457730	0.442730	0.431450	0.422018	0.412676	0.401748	0.389264	0.376860	0.366236	0.359152	0.356059	0.354595	0.352161	0.346921																													
																																										0.551473	0.553273	0.534172	0.514191	0.510056	0.513339	0.518551	0.522526	0.522104	0.516846	0.510498	0.507102	0.510635	0.521453	0.535104	0.546836	0.552400	0.552851	0.551031	0.549585	0.550598	0.552525	0.555341	0.559489	0.565167	0.571588	0.579604	0.590343	0.605547	0.627492	0.651402	0.671601	0.682855	0.685860	0.684923	0.684323	0.687503	0.692205	0.697998	0.705118	0.714033	0.725561	0.738144	0.749908	0.759583	0.768975	0.776947	0.781759	0.781147	0.773054	0.762488	0.755299	0.757661	0.771501	0.788076	0.797675	0.791071	0.768538	0.738937	0.711430	0.694230	0.685399	0.679307	0.670676	0.654365	0.630098	0.603383	0.580050	0.565844	0.561298	0.559957	0.554923	0.539589	0.513962	0.484639	0.458503	0.441816	0.433440	0.428629	0.422779	0.411594	0.395479	0.378190	0.363523	0.354935	0.351809	0.351510	0.351476	0.350337																													
																																									0.481970	0.530129	0.543886	0.539536	0.531150	0.529929	0.528032	0.524714	0.521580	0.519680	0.517340	0.515742	0.516632	0.522061	0.533325	0.546644	0.557678	0.562408	0.561311	0.557769	0.555168	0.556218	0.559085	0.563504	0.569757	0.578064	0.588251	0.600331	0.614370	0.631215	0.653537	0.676928	0.695974	0.705557	0.705916	0.701850	0.698292	0.699191	0.701872	0.705953	0.711851	0.720264	0.732214	0.745641	0.758083	0.767667	0.776065	0.782920	0.787353	0.787962	0.782830	0.775914	0.771931	0.776092	0.790786	0.807615	0.817094	0.810117	0.786636	0.755820	0.727251	0.709570	0.700927	0.695147	0.686351	0.668771	0.641955	0.612274	0.586515	0.571343	0.567303	0.567004	0.562568	0.546431	0.518540	0.486529	0.458382	0.441389	0.434313	0.431512	0.427479	0.417183	0.401477	0.384254	0.369316	0.360020	0.355390	0.353370	0.352109	0.350910																													
																																									0.460694	0.510524	0.531698	0.536844	0.535908	0.536135	0.529693	0.519780	0.512115	0.511667	0.516671	0.524513	0.532998	0.540584	0.549177	0.557778	0.564765	0.568455	0.568419	0.566911	0.566416	0.568774	0.572125	0.577109	0.584956	0.597085	0.614316	0.634137	0.653679	0.670985	0.688781	0.705388	0.718227	0.724664	0.724160	0.720066	0.716046	0.714831	0.713743	0.713621	0.716153	0.723243	0.735873	0.750830	0.764461	0.773771	0.780485	0.785299	0.788407	0.789557	0.787226	0.783698	0.781817	0.784953	0.795321	0.806597	0.811513	0.802879	0.779941	0.750894	0.724519	0.708880	0.702774	0.699742	0.693407	0.677701	0.652766	0.624481	0.598939	0.581958	0.573463	0.567736	0.558832	0.540911	0.513482	0.483040	0.456511	0.440226	0.433127	0.430295	0.426915	0.418803	0.407415	0.394994	0.383438	0.374384	0.367218	0.361121	0.355426	0.350128	0.347411																												
																																								0.356122	0.441089	0.490967	0.516898	0.528633	0.532955	0.534034	0.523869	0.508959	0.498518	0.501001	0.515116	0.534131	0.551415	0.561290	0.566073	0.568353	0.570123	0.572870	0.575141	0.577386	0.580516	0.584911	0.588876	0.594291	0.603636	0.619847	0.644845	0.673133	0.698391	0.715303	0.726411	0.733642	0.738229	0.740941	0.740358	0.737605	0.734288	0.731226	0.725955	0.720942	0.719506	0.725082	0.738540	0.755286	0.770264	0.779172	0.783877	0.786192	0.787443	0.788589	0.788568	0.787836	0.787196	0.787918	0.791730	0.795057	0.793644	0.782961	0.761461	0.735737	0.713140	0.700616	0.697818	0.698263	0.695290	0.682819	0.661896	0.637206	0.613317	0.594337	0.579336	0.565446	0.549958	0.529959	0.504364	0.477533	0.454343	0.439249	0.431492	0.427630	0.424298	0.418892	0.413540	0.408010	0.401408	0.392897	0.382523	0.371063	0.359310	0.348030	0.337235																												
																																								0.344770	0.424446	0.472898	0.501257	0.517104	0.524962	0.526830	0.514700	0.497249	0.485971	0.491675	0.513674	0.542074	0.566762	0.578791	0.580718	0.578081	0.575882	0.578246	0.582877	0.588712	0.595338	0.601950	0.607136	0.613583	0.624526	0.643874	0.674405	0.708504	0.737384	0.753264	0.758357	0.757492	0.755035	0.754549	0.753915	0.752395	0.749867	0.745566	0.737273	0.728712	0.724443	0.729091	0.743527	0.761965	0.778100	0.786465	0.789033	0.788641	0.787647	0.788079	0.789124	0.789839	0.789484	0.787710	0.785752	0.782312	0.775659	0.763535	0.743880	0.721698	0.702838	0.693006	0.692548	0.695296	0.694709	0.685045	0.668096	0.647216	0.625352	0.604857	0.584096	0.562898	0.541579	0.519979	0.496499	0.473432	0.453656	0.439792	0.431373	0.426401	0.422932	0.419905	0.420064	0.420812	0.418604	0.410209	0.396200	0.379044	0.361141	0.344204	0.326215																												
																																							0.258435	0.338910	0.411946	0.457343	0.485582	0.502888	0.512566	0.515576	0.504354	0.488025	0.478415	0.486777	0.512839	0.545711	0.574110	0.587991	0.589977	0.586617	0.583941	0.586942	0.592913	0.600472	0.608998	0.617595	0.625224	0.634167	0.647121	0.667571	0.698597	0.732608	0.760743	0.775027	0.777240	0.772983	0.767562	0.765362	0.763982	0.762238	0.759628	0.755059	0.746445	0.737659	0.733383	0.738447	0.754040	0.773746	0.790509	0.798138	0.798582	0.795434	0.791846	0.790542	0.790502	0.790363	0.789014	0.785679	0.781341	0.775466	0.767196	0.755142	0.737357	0.717826	0.701302	0.692495	0.691943	0.694218	0.693496	0.684781	0.670083	0.651718	0.631492	0.610593	0.587165	0.562494	0.538489	0.516446	0.494536	0.473901	0.456290	0.443287	0.434578	0.428997	0.425423	0.423715	0.427086	0.431393	0.431335	0.422006	0.404001	0.381433	0.358413	0.337934	0.316749																												
																																							0.267358	0.338698	0.403392	0.443095	0.466827	0.480908	0.489182	0.493361	0.486672	0.476434	0.472343	0.483776	0.511022	0.544318	0.573391	0.589112	0.593945	0.593733	0.593822	0.598525	0.605052	0.612811	0.622031	0.632793	0.644606	0.658044	0.673854	0.693602	0.720205	0.748207	0.771028	0.782686	0.784286	0.780336	0.775208	0.772411	0.769615	0.766416	0.763102	0.759370	0.753243	0.747659	0.746286	0.753179	0.770177	0.790773	0.807616	0.814197	0.812352	0.806142	0.799245	0.794686	0.790748	0.786696	0.782285	0.777517	0.773204	0.768262	0.761308	0.750655	0.735053	0.717856	0.702949	0.694143	0.691758	0.691556	0.689020	0.680381	0.667559	0.651764	0.633670	0.613417	0.589261	0.563387	0.538609	0.517080	0.496952	0.478535	0.462714	0.450250	0.440851	0.434145	0.429832	0.428673	0.434256	0.441036	0.442137	0.431061	0.408126	0.379405	0.351142	0.328126	0.306261	0.286219																											
																																						0.232863	0.281137	0.342547	0.397867	0.430737	0.448247	0.457303	0.462952	0.468346	0.467697	0.465571	0.468490	0.482958	0.509847	0.541491	0.569624	0.586953	0.595629	0.600077	0.604264	0.611214	0.618271	0.625953	0.635608	0.648575	0.665009	0.683364	0.701986	0.720010	0.739915	0.759259	0.774741	0.783291	0.785238	0.783213	0.779860	0.777114	0.772921	0.768085	0.764071	0.761738	0.759222	0.758149	0.760788	0.770070	0.788601	0.809976	0.826716	0.832145	0.827944	0.818548	0.808078	0.799719	0.790861	0.781798	0.773631	0.767617	0.764445	0.761938	0.757619	0.749036	0.735927	0.721093	0.707533	0.698093	0.692674	0.688563	0.682957	0.673638	0.662205	0.648744	0.632861	0.613758	0.590005	0.564305	0.539917	0.519446	0.501129	0.484711	0.470463	0.458562	0.448725	0.441152	0.436139	0.435105	0.441940	0.450038	0.451319	0.437992	0.409889	0.375025	0.341813	0.316954	0.295787	0.277825																											
																																						0.256932	0.297680	0.348759	0.394471	0.421248	0.434166	0.440025	0.444375	0.451152	0.455611	0.460144	0.468691	0.485393	0.511498	0.541202	0.568070	0.586456	0.598140	0.606395	0.614091	0.623281	0.631563	0.640087	0.650785	0.665734	0.685701	0.707587	0.727919	0.743941	0.757602	0.769059	0.777885	0.783561	0.785716	0.785363	0.783668	0.781248	0.776386	0.770754	0.766621	0.765647	0.766072	0.768583	0.774431	0.785759	0.805803	0.828105	0.844947	0.849373	0.842906	0.830471	0.816742	0.805209	0.792475	0.779580	0.768643	0.761877	0.759911	0.759693	0.757852	0.751370	0.740978	0.728718	0.716499	0.705997	0.696693	0.687603	0.677857	0.666928	0.655863	0.643793	0.629494	0.611495	0.588783	0.564179	0.540941	0.521702	0.504797	0.489812	0.476822	0.465852	0.456746	0.449687	0.444912	0.443852	0.450631	0.458319	0.458431	0.442597	0.409994	0.370089	0.333009	0.307020	0.287195	0.271836																											
																																						0.281752	0.315438	0.355621	0.391791	0.414825	0.427982	0.436039	0.442989	0.451575	0.458080	0.464716	0.474921	0.492336	0.518145	0.547128	0.573478	0.592045	0.604262	0.613369	0.622311	0.633309	0.644289	0.655797	0.669031	0.685513	0.706518	0.728825	0.748684	0.762923	0.772990	0.780125	0.785185	0.788737	0.789918	0.789311	0.787784	0.785769	0.781878	0.777531	0.774629	0.774512	0.775516	0.778519	0.784946	0.797178	0.818715	0.842508	0.860138	0.863947	0.855337	0.840097	0.823838	0.810822	0.797226	0.783886	0.772836	0.766221	0.764711	0.765269	0.764519	0.759666	0.752215	0.742955	0.732251	0.720210	0.706002	0.690626	0.675378	0.661567	0.649415	0.637316	0.623528	0.606229	0.584907	0.562065	0.540472	0.522291	0.505848	0.491211	0.478962	0.469728	0.463743	0.460069	0.457651	0.456740	0.461656	0.466388	0.463353	0.444786	0.408994	0.365999	0.326774	0.300426	0.282123	0.269201																											
																																					0.287130	0.310091	0.335972	0.362852	0.387934	0.408922	0.427129	0.443101	0.457007	0.468293	0.474509	0.479475	0.487923	0.504573	0.530062	0.558821	0.584844	0.602672	0.613317	0.620889	0.629368	0.642115	0.657574	0.674458	0.691901	0.709590	0.729294	0.748967	0.765934	0.777865	0.785554	0.790272	0.793105	0.794707	0.793766	0.791376	0.789083	0.788119	0.787635	0.787530	0.787954	0.788597	0.787897	0.788247	0.792619	0.804855	0.828366	0.854762	0.874247	0.877815	0.866772	0.848382	0.829828	0.816821	0.805346	0.795044	0.786763	0.781584	0.780431	0.780990	0.780568	0.777241	0.773261	0.767549	0.758291	0.743375	0.721521	0.696548	0.672831	0.654266	0.639828	0.626987	0.613414	0.596978	0.578034	0.558240	0.539213	0.521945	0.504512	0.488488	0.476102	0.469772	0.470473	0.474487	0.477637	0.477263	0.477962	0.476264	0.467153	0.444919	0.406485	0.361662	0.321625	0.295840	0.280054	0.270472																											
																																					0.309561	0.339981	0.358750	0.372538	0.386838	0.406736	0.431631	0.457239	0.479273	0.493272	0.498024	0.499607	0.504731	0.519801	0.544713	0.573201	0.598757	0.615309	0.623425	0.628420	0.635664	0.650027	0.670556	0.693653	0.715853	0.734483	0.751748	0.767381	0.780434	0.790027	0.796269	0.799895	0.801634	0.801714	0.798499	0.793943	0.790581	0.790752	0.794139	0.798825	0.802908	0.804135	0.801035	0.797823	0.799338	0.811153	0.836452	0.865417	0.886835	0.890313	0.877066	0.855865	0.835496	0.823190	0.814890	0.808773	0.804171	0.800795	0.799848	0.800015	0.799556	0.797663	0.797276	0.795283	0.787545	0.769614	0.739837	0.704865	0.672144	0.648093	0.630265	0.615502	0.601258	0.585450	0.569310	0.553278	0.537435	0.521244	0.502591	0.484831	0.472112	0.468934	0.477098	0.489702	0.498995	0.498936	0.494291	0.484746	0.468526	0.442606	0.402451	0.357133	0.317496	0.292936	0.280040	0.273964																											
																																					0.330698	0.368528	0.382744	0.386944	0.393187	0.412378	0.442292	0.474990	0.502867	0.518532	0.521634	0.520032	0.522029	0.535376	0.559367	0.587193	0.611962	0.627120	0.632833	0.635434	0.641480	0.657137	0.681998	0.710439	0.736715	0.756050	0.770943	0.782838	0.792477	0.800448	0.806314	0.810070	0.811841	0.811260	0.806650	0.800614	0.796378	0.797010	0.802430	0.809677	0.815687	0.817112	0.812549	0.807216	0.806987	0.818378	0.844426	0.874565	0.896850	0.900155	0.885600	0.862817	0.841515	0.829831	0.823760	0.820505	0.818365	0.816083	0.814947	0.814496	0.813860	0.813216	0.816021	0.817489	0.811570	0.791989	0.757104	0.715380	0.676147	0.647253	0.624948	0.606384	0.589732	0.573726	0.560034	0.547697	0.535209	0.520573	0.501892	0.483691	0.471271	0.470417	0.483558	0.501669	0.514593	0.513932	0.504261	0.487878	0.465786	0.437334	0.397002	0.352800	0.314771	0.291782	0.281248	0.277748																											
																																					0.349147	0.392890	0.407228	0.408794	0.412278	0.430808	0.461118	0.494435	0.522598	0.537724	0.539598	0.536390	0.536689	0.548453	0.570731	0.596834	0.620068	0.633976	0.638406	0.640019	0.645806	0.662481	0.690072	0.721829	0.750694	0.770657	0.784297	0.794186	0.802222	0.810025	0.816913	0.822176	0.825281	0.825342	0.821074	0.815077	0.810457	0.810066	0.813467	0.818391	0.822603	0.823552	0.819833	0.815870	0.816706	0.828101	0.853229	0.882098	0.903315	0.906262	0.891977	0.869694	0.848732	0.836883	0.830235	0.826213	0.823317	0.820387	0.818361	0.817149	0.816373	0.816756	0.822016	0.826472	0.823063	0.804760	0.770673	0.729017	0.688637	0.656637	0.628311	0.602829	0.580760	0.562992	0.550700	0.541429	0.532261	0.520153	0.504262	0.488755	0.478238	0.477876	0.490249	0.506752	0.517619	0.514581	0.501368	0.481275	0.456603	0.427956	0.389840	0.348976	0.314052	0.292814	0.283278	0.280343																											
																																				0.274271	0.363384	0.412840	0.433091	0.439986	0.446883	0.465535	0.492347	0.520359	0.543404	0.555313	0.555198	0.550412	0.548902	0.557961	0.576487	0.598655	0.618722	0.631048	0.635168	0.637341	0.644242	0.662448	0.692583	0.727238	0.758489	0.779459	0.792603	0.801524	0.809237	0.818426	0.828402	0.837399	0.843783	0.845866	0.843236	0.838130	0.833010	0.829817	0.827107	0.824865	0.823510	0.822996	0.821784	0.821972	0.826219	0.838126	0.861307	0.887341	0.906346	0.909159	0.896856	0.877165	0.857823	0.845137	0.835304	0.827088	0.820359	0.815022	0.811177	0.808785	0.807774	0.809161	0.816678	0.824332	0.824735	0.811047	0.784083	0.749597	0.713342	0.679215	0.641680	0.604222	0.572163	0.550478	0.538741	0.532545	0.527424	0.519490	0.510091	0.501317	0.494939	0.493318	0.498733	0.505784	0.508141	0.500315	0.484278	0.462889	0.438534	0.412224	0.379596	0.345456	0.316144	0.297311	0.287503	0.283008																											
																																				0.283824	0.376834	0.431522	0.459873	0.475265	0.488010	0.506920	0.528322	0.548301	0.563892	0.571695	0.569798	0.564151	0.561541	0.568173	0.583018	0.601244	0.618119	0.628903	0.632888	0.635758	0.643666	0.662816	0.694286	0.730434	0.762960	0.784549	0.797385	0.805872	0.813939	0.825196	0.839108	0.852780	0.863352	0.868295	0.868328	0.865022	0.859799	0.853227	0.842583	0.830929	0.822290	0.820032	0.822478	0.828497	0.837420	0.849811	0.869792	0.891303	0.906765	0.909226	0.899756	0.883881	0.867040	0.853400	0.839368	0.825569	0.813743	0.805295	0.799312	0.795607	0.794264	0.796404	0.805598	0.815964	0.820274	0.812430	0.795266	0.771101	0.741494	0.706136	0.658854	0.608187	0.564921	0.538691	0.527085	0.523685	0.522527	0.519021	0.517013	0.515966	0.514147	0.510412	0.506531	0.501290	0.492881	0.479560	0.461272	0.439836	0.417166	0.394282	0.368393	0.342200	0.319371	0.303132	0.292492	0.285547																											
																																				0.297377	0.393532	0.452291	0.486827	0.508570	0.525434	0.543836	0.559764	0.572151	0.581105	0.585921	0.583823	0.579218	0.577547	0.583875	0.597693	0.614615	0.630219	0.640036	0.643277	0.645462	0.652595	0.670715	0.700810	0.735524	0.766878	0.787761	0.799993	0.808260	0.816894	0.829966	0.847183	0.864866	0.879261	0.887315	0.890887	0.890551	0.886341	0.877159	0.859134	0.838525	0.823042	0.819587	0.826504	0.839098	0.852978	0.865236	0.880339	0.895238	0.905394	0.906696	0.899973	0.888231	0.874354	0.860183	0.842548	0.823835	0.807502	0.796349	0.788613	0.783844	0.782110	0.784446	0.794179	0.805838	0.812699	0.809609	0.800983	0.786088	0.762815	0.727260	0.672956	0.612430	0.560723	0.531091	0.519570	0.518189	0.519836	0.519356	0.522442	0.526658	0.527731	0.521942	0.510584	0.495652	0.478833	0.461281	0.441399	0.420163	0.399076	0.379142	0.358862	0.339230	0.321744	0.307655	0.296336	0.287371																											
																																				0.316992	0.417802	0.478811	0.513862	0.534943	0.550351	0.566544	0.578396	0.586285	0.592162	0.597015	0.597803	0.597594	0.600514	0.610746	0.629070	0.650263	0.668637	0.678566	0.679440	0.677699	0.680242	0.693651	0.717810	0.746292	0.772429	0.790240	0.801138	0.809218	0.818329	0.832157	0.850704	0.870281	0.887034	0.898106	0.906348	0.910816	0.909661	0.899766	0.876540	0.849220	0.828847	0.825629	0.838291	0.858325	0.877239	0.888190	0.895606	0.900427	0.902283	0.900846	0.896200	0.888562	0.878129	0.864399	0.844990	0.823580	0.804735	0.792194	0.783781	0.778657	0.776610	0.778338	0.786931	0.797571	0.804284	0.802773	0.797923	0.787518	0.767762	0.733178	0.677471	0.614511	0.560687	0.530445	0.519460	0.519054	0.521483	0.521079	0.523839	0.527436	0.527615	0.520608	0.507471	0.490564	0.472028	0.453352	0.432608	0.410877	0.389874	0.370895	0.352756	0.335739	0.320503	0.307564	0.296524	0.287397																											
																																			0.226874	0.344866	0.451211	0.512635	0.543126	0.557308	0.566180	0.578218	0.586333	0.591502	0.596901	0.604741	0.612164	0.620771	0.633101	0.652531	0.682279	0.714677	0.740748	0.751845	0.747836	0.737542	0.730210	0.733947	0.746172	0.762219	0.778006	0.789894	0.798822	0.807177	0.817162	0.831014	0.849153	0.868782	0.886853	0.901605	0.917011	0.929534	0.934278	0.925023	0.896535	0.862012	0.836818	0.835578	0.857947	0.889760	0.916340	0.924815	0.919267	0.907126	0.894900	0.888416	0.886269	0.884505	0.879427	0.867198	0.846814	0.823450	0.802815	0.789693	0.781731	0.777282	0.775342	0.775799	0.781570	0.788877	0.792891	0.790261	0.785367	0.775720	0.757388	0.724937	0.672654	0.613591	0.563106	0.534878	0.525342	0.525573	0.527342	0.524190	0.520997	0.517716	0.512812	0.505093	0.495520	0.484004	0.470160	0.453316	0.432432	0.409567	0.387185	0.367101	0.347442	0.328891	0.312732	0.300109	0.290727	0.283836																											
																																			0.250326	0.376007	0.487345	0.548027	0.571846	0.576724	0.577167	0.584365	0.589033	0.592360	0.598419	0.610391	0.625807	0.644778	0.668170	0.698557	0.741921	0.787711	0.823104	0.835950	0.826747	0.806981	0.788483	0.780999	0.779060	0.780214	0.783565	0.788366	0.794997	0.803699	0.814609	0.828121	0.845142	0.864069	0.882952	0.901384	0.924374	0.945650	0.957143	0.949477	0.917027	0.876669	0.847723	0.848906	0.880899	0.924077	0.957752	0.963133	0.943766	0.913714	0.886572	0.874477	0.874377	0.878205	0.878468	0.868135	0.847713	0.823557	0.802146	0.789018	0.781875	0.778243	0.776237	0.774819	0.776630	0.779187	0.779097	0.774099	0.767586	0.757294	0.739831	0.710551	0.664680	0.613228	0.569137	0.544123	0.535835	0.535691	0.535449	0.528105	0.516731	0.504235	0.492714	0.484453	0.480381	0.476975	0.470273	0.456575	0.436211	0.412440	0.388565	0.366922	0.344678	0.323273	0.305077	0.292272	0.284561	0.280157																											
																																			0.273525	0.404541	0.519035	0.578531	0.596469	0.593405	0.586700	0.589767	0.591547	0.593372	0.599999	0.615384	0.637455	0.665019	0.697461	0.736548	0.790366	0.846366	0.888996	0.903681	0.891553	0.865676	0.839340	0.823035	0.809071	0.797210	0.789549	0.788011	0.792306	0.800897	0.812268	0.825366	0.841560	0.860077	0.879693	0.900883	0.929302	0.956934	0.973696	0.968319	0.935306	0.893255	0.863243	0.865846	0.902344	0.950455	0.986535	0.988777	0.960101	0.918421	0.881541	0.865309	0.865567	0.872010	0.875158	0.866392	0.847328	0.824429	0.803947	0.791302	0.784538	0.780843	0.777875	0.773997	0.771281	0.768602	0.764155	0.756907	0.749253	0.739032	0.723263	0.698063	0.659916	0.617394	0.580510	0.558471	0.549933	0.547482	0.543789	0.532212	0.514041	0.494199	0.477426	0.468536	0.468457	0.471139	0.469982	0.459075	0.439828	0.416273	0.392187	0.370229	0.347098	0.324537	0.305365	0.292177	0.284594																												
																																			0.293876	0.425644	0.540077	0.598473	0.613891	0.607621	0.597900	0.598770	0.598436	0.598583	0.604559	0.620953	0.645936	0.677357	0.713529	0.755342	0.811400	0.869342	0.913649	0.929945	0.919920	0.895697	0.869416	0.850306	0.830130	0.810641	0.796174	0.790542	0.792581	0.800030	0.810887	0.823743	0.840354	0.859787	0.880533	0.902781	0.932135	0.960934	0.979479	0.977170	0.949531	0.913130	0.886618	0.888128	0.918553	0.958569	0.987742	0.987137	0.958982	0.919242	0.883898	0.867098	0.864824	0.868287	0.869534	0.861481	0.845961	0.827615	0.810726	0.799042	0.791328	0.785483	0.779691	0.772494	0.764853	0.756945	0.748662	0.740416	0.733969	0.726560	0.714770	0.694780	0.664731	0.630921	0.600488	0.579933	0.568095	0.560021	0.550901	0.536164	0.515954	0.494649	0.476776	0.466945	0.466096	0.468365	0.467349	0.457340	0.439807	0.418500	0.396884	0.377549	0.357988	0.338954	0.321998	0.308453	0.297798																												
																																			0.314520	0.442092	0.552761	0.609611	0.625133	0.619589	0.610319	0.610562	0.608733	0.607039	0.611312	0.626658	0.651428	0.682714	0.717985	0.757016	0.807363	0.859176	0.899874	0.918092	0.916194	0.902394	0.884541	0.868058	0.845743	0.821777	0.802714	0.794101	0.793417	0.798477	0.807767	0.820466	0.838722	0.860491	0.882988	0.904948	0.931201	0.956571	0.974188	0.976829	0.962304	0.940756	0.923434	0.920919	0.932523	0.948583	0.959225	0.955342	0.938142	0.915122	0.893732	0.880401	0.872689	0.867420	0.862026	0.854408	0.845815	0.836680	0.827077	0.817077	0.806692	0.795835	0.784413	0.772052	0.757783	0.743272	0.730553	0.721946	0.718722	0.716867	0.711803	0.699322	0.680041	0.657346	0.634580	0.614446	0.595215	0.576490	0.558380	0.540784	0.522988	0.506045	0.491273	0.480242	0.474015	0.469605	0.463571	0.452773	0.437745	0.420916	0.404657	0.391128	0.379949	0.369467	0.358073	0.344001	0.326485																												
																																			0.333863	0.455006	0.560237	0.615274	0.631938	0.628750	0.621435	0.621880	0.619167	0.615967	0.618389	0.631852	0.654865	0.683998	0.716126	0.749961	0.791350	0.833785	0.868698	0.888748	0.896913	0.896563	0.890306	0.879045	0.857310	0.831491	0.809921	0.799452	0.796189	0.798473	0.805760	0.818254	0.838451	0.862819	0.886913	0.907546	0.928389	0.947735	0.962686	0.970609	0.971996	0.968823	0.963003	0.955601	0.943987	0.930603	0.918795	0.911829	0.909894	0.909473	0.906834	0.898291	0.883454	0.866530	0.852024	0.844321	0.843651	0.845322	0.844366	0.836459	0.823093	0.806603	0.788969	0.771187	0.750158	0.729018	0.711983	0.703339	0.703928	0.708341	0.710674	0.706222	0.698256	0.687119	0.672177	0.652083	0.624308	0.593570	0.565562	0.545323	0.531425	0.520734	0.510410	0.498076	0.484910	0.471720	0.458989	0.446979	0.434990	0.423694	0.414005	0.407445	0.406228	0.405881	0.401057	0.386323	0.360600																												
																																			0.349289	0.464719	0.565097	0.618400	0.635817	0.634452	0.628751	0.629562	0.626620	0.622764	0.624077	0.635996	0.657168	0.683959	0.712991	0.742306	0.776313	0.811090	0.841206	0.862416	0.878011	0.887848	0.890776	0.884545	0.865226	0.840308	0.818800	0.807959	0.803062	0.803150	0.808658	0.820795	0.842261	0.868248	0.892915	0.911394	0.926181	0.938816	0.950146	0.961729	0.976118	0.988350	0.992473	0.981610	0.951754	0.915123	0.885689	0.876714	0.887775	0.906173	0.918788	0.913366	0.891004	0.862494	0.838760	0.830021	0.835417	0.845876	0.852191	0.846378	0.831308	0.811137	0.789324	0.767818	0.741933	0.715968	0.695833	0.687332	0.690939	0.700218	0.708314	0.710199	0.711175	0.709201	0.700530	0.680682	0.646595	0.606833	0.571264	0.548747	0.537228	0.530588	0.523066	0.509473	0.490938	0.471146	0.453598	0.441209	0.432461	0.426464	0.422750	0.422139	0.428983	0.436660	0.436933	0.421499																													
																																			0.358243	0.471237	0.569264	0.621051	0.637277	0.634976	0.628675	0.629361	0.626979	0.623948	0.625856	0.637710	0.658317	0.684259	0.712333	0.740663	0.773354	0.806807	0.836021	0.857076	0.872978	0.883639	0.888049	0.884261	0.868908	0.848427	0.830560	0.821436	0.816625	0.815905	0.820392	0.831939	0.853230	0.878834	0.902264	0.917768	0.926932	0.933394	0.940466	0.952214	0.971684	0.990749	1.000000	0.989266	0.954591	0.911421	0.877077	0.868090	0.884233	0.909278	0.926361	0.919630	0.890138	0.852333	0.820970	0.809667	0.816645	0.830658	0.840510	0.836614	0.822883	0.803687	0.782394	0.760761	0.733737	0.706300	0.685178	0.676864	0.681501	0.692406	0.702561	0.706976	0.711604	0.713498	0.707771	0.688906	0.654053	0.612529	0.574924	0.550619	0.536982	0.528142	0.518773	0.503981	0.484490	0.464229	0.447079	0.436405	0.430993	0.429097	0.429264	0.431613	0.441322	0.451368	0.452850	0.436732																													
																																			0.360561	0.473503	0.570816	0.620642	0.633108	0.626569	0.617095	0.617105	0.616381	0.616127	0.620710	0.634049	0.655225	0.681545	0.710472	0.740995	0.777968	0.815930	0.847710	0.866994	0.875711	0.877602	0.875983	0.872991	0.865058	0.854803	0.846048	0.841616	0.838629	0.838100	0.841963	0.852779	0.872980	0.896762	0.917325	0.928361	0.930572	0.929330	0.930025	0.938432	0.956638	0.976086	0.987207	0.980092	0.952195	0.916821	0.888625	0.881896	0.897472	0.919947	0.932989	0.920839	0.883126	0.836104	0.796848	0.780881	0.785327	0.798498	0.809074	0.807643	0.799121	0.786365	0.770860	0.752783	0.727870	0.701628	0.681105	0.673007	0.677164	0.687097	0.696092	0.699247	0.701811	0.701688	0.695094	0.677843	0.648014	0.612355	0.578490	0.552822	0.532248	0.514503	0.498165	0.481814	0.465249	0.450158	0.438364	0.431693	0.430421	0.432354	0.435120	0.437852	0.445369	0.452113	0.450814	0.433889																													
																																			0.359015	0.472919	0.570393	0.618557	0.627082	0.615955	0.603086	0.602604	0.604089	0.607306	0.615182	0.630318	0.652028	0.678626	0.708562	0.742073	0.785060	0.829419	0.864893	0.881836	0.880858	0.870792	0.860669	0.857967	0.858656	0.860631	0.862926	0.864374	0.864151	0.864522	0.868106	0.878006	0.896270	0.917064	0.933675	0.939639	0.934839	0.925895	0.919752	0.923200	0.936708	0.952860	0.963774	0.961737	0.946203	0.925614	0.908941	0.905454	0.917439	0.932579	0.937323	0.917982	0.872141	0.816709	0.770065	0.748676	0.748609	0.758640	0.768257	0.769050	0.766739	0.762107	0.754232	0.741380	0.720636	0.697621	0.679089	0.671392	0.674116	0.681460	0.687500	0.687697	0.685967	0.681627	0.672774	0.657379	0.634726	0.607798	0.579928	0.553283	0.524360	0.495661	0.470866	0.453139	0.441246	0.433668	0.429194	0.427296	0.430130	0.435350	0.439850	0.441807	0.445185	0.446521	0.441000																														
																																				0.471271	0.569246	0.617031	0.624114	0.611289	0.597369	0.597367	0.600944	0.606872	0.617014	0.632951	0.653979	0.679456	0.708924	0.743838	0.790685	0.839360	0.877348	0.892562	0.884690	0.866234	0.850332	0.848322	0.855903	0.867471	0.878492	0.884877	0.887519	0.889315	0.893019	0.901748	0.917137	0.933889	0.945977	0.947401	0.937395	0.922980	0.911719	0.910563	0.918496	0.929922	0.939308	0.941722	0.938417	0.932655	0.927458	0.926771	0.934191	0.940978	0.936912	0.910946	0.858760	0.797163	0.745004	0.719005	0.714558	0.721086	0.728954	0.730694	0.732348	0.733328	0.731181	0.723093	0.707481	0.689269	0.674078	0.667136	0.667904	0.671873	0.674499	0.672219	0.667732	0.661004	0.651171	0.637499	0.620301	0.599895	0.576519	0.549265	0.514232	0.477529	0.446720	0.428499	0.420959	0.419948	0.421716	0.423714	0.429529	0.436927	0.442483	0.443869	0.444354	0.441908	0.433416																														
																																				0.471353	0.570663	0.620563	0.630879	0.621674	0.610892	0.612878	0.617856	0.624515	0.634462	0.648906	0.666722	0.688201	0.713986	0.746405	0.791324	0.838594	0.875840	0.891141	0.884286	0.867477	0.853514	0.853512	0.863524	0.877696	0.891122	0.899540	0.904465	0.908138	0.912438	0.919534	0.930695	0.942060	0.949215	0.947600	0.936088	0.920742	0.908230	0.904447	0.907684	0.914325	0.921118	0.925582	0.929901	0.933644	0.935695	0.936260	0.939702	0.939999	0.929533	0.899409	0.844148	0.779951	0.725390	0.696935	0.690023	0.694268	0.700220	0.700445	0.700500	0.700410	0.698504	0.692976	0.683119	0.671682	0.661749	0.656136	0.654360	0.654249	0.653684	0.651289	0.649303	0.646116	0.639372	0.627037	0.609899	0.588941	0.564950	0.537402	0.501912	0.464850	0.434199	0.417099	0.411803	0.413500	0.417702	0.421203	0.427751	0.435554	0.441602	0.444002	0.446150	0.445411																															
																																				0.476882	0.581803	0.637237	0.654121	0.651511	0.645966	0.650700	0.656610	0.662619	0.670375	0.680908	0.692348	0.706157	0.724433	0.750345	0.787882	0.828556	0.862299	0.879745	0.881874	0.876745	0.872471	0.875953	0.884202	0.894302	0.904119	0.911954	0.918992	0.925352	0.930796	0.935336	0.939786	0.943049	0.943730	0.940163	0.931223	0.920076	0.910367	0.905013	0.902050	0.901179	0.902689	0.907587	0.918389	0.930732	0.939303	0.940449	0.939117	0.932364	0.915613	0.882636	0.827110	0.763695	0.709610	0.680275	0.671974	0.674243	0.677291	0.672905	0.665083	0.656709	0.649573	0.645428	0.644392	0.644555	0.643888	0.640382	0.633806	0.626478	0.620881	0.620041	0.626169	0.633292	0.634506	0.623469	0.601123	0.572554	0.542784	0.515144	0.484560	0.454466	0.429995	0.415858	0.411353	0.412705	0.416188	0.418999	0.423768	0.429791	0.435535	0.440812	0.450007	0.457461																															
																																				0.480108	0.589833	0.651775	0.678172	0.685829	0.688561	0.697264	0.703915	0.708316	0.712699	0.718365	0.722425	0.727430	0.736924	0.754784	0.782671	0.814493	0.843385	0.863509	0.877405	0.887525	0.895653	0.902966	0.907635	0.910922	0.914704	0.920915	0.930031	0.939483	0.946447	0.948328	0.945507	0.940072	0.934083	0.929234	0.924546	0.919632	0.914383	0.908121	0.898875	0.889951	0.885399	0.889843	0.905838	0.925352	0.939227	0.940222	0.933602	0.919588	0.896805	0.861929	0.808075	0.747747	0.696089	0.666880	0.657603	0.657835	0.657465	0.647401	0.629695	0.610702	0.596429	0.592863	0.600796	0.613184	0.622437	0.621322	0.609982	0.595460	0.585061	0.586488	0.602149	0.621130	0.631313	0.621326	0.592009	0.553613	0.516583	0.489258	0.465915	0.445845	0.430047	0.419679	0.415428	0.415220	0.416687	0.417865	0.419817	0.423089	0.427930	0.436192	0.453406																																
																																					0.579183	0.645772	0.684634	0.707671	0.723335	0.737937	0.745362	0.747451	0.747989	0.749393	0.747519	0.745474	0.747764	0.758631	0.777827	0.801440	0.825463	0.847133	0.870150	0.892344	0.910325	0.920587	0.922255	0.920003	0.918973	0.924078	0.935249	0.947666	0.956321	0.956443	0.948138	0.936035	0.924934	0.919162	0.917787	0.917724	0.916040	0.909397	0.895995	0.881573	0.872667	0.876287	0.894982	0.918344	0.934737	0.934511	0.922810	0.902426	0.874704	0.838870	0.787849	0.731849	0.683674	0.655175	0.644901	0.642936	0.639373	0.624870	0.599950	0.573258	0.553652	0.549939	0.563200	0.583187	0.598878	0.599866	0.586689	0.569037	0.556857	0.560472	0.582595	0.609286	0.625176	0.615671	0.581242	0.535854	0.493941	0.467577	0.450745	0.439393	0.431126	0.424183	0.420400	0.419091	0.418982	0.418828	0.418543	0.419487	0.423102	0.432545	0.453892																																
																																					0.532468	0.599268	0.654703	0.701176	0.737316	0.760995	0.769427	0.768454	0.765018	0.764109	0.760016	0.755364	0.754628	0.761813	0.775955	0.794335	0.814407	0.834823	0.859319	0.884262	0.904729	0.915849	0.917112	0.914068	0.912667	0.918628	0.932010	0.947015	0.957577	0.957930	0.948235	0.934043	0.921098	0.914545	0.913143	0.913402	0.912055	0.905536	0.892351	0.878059	0.868913	0.871699	0.889134	0.910809	0.925039	0.921882	0.905661	0.880553	0.849602	0.813749	0.766214	0.715096	0.670910	0.643461	0.631816	0.627414	0.621604	0.606153	0.581255	0.554884	0.535304	0.530636	0.541582	0.559084	0.573481	0.575776	0.566864	0.554548	0.546696	0.551735	0.572708	0.597131	0.611046	0.601011	0.566784	0.522131	0.481487	0.457039	0.443137	0.435127	0.429877	0.425027	0.422789	0.422574	0.423090	0.423112	0.422673	0.422956	0.425180	0.432051																																	
																																					0.441226	0.504302	0.584372	0.667688	0.736439	0.774321	0.783953	0.778148	0.769475	0.767670	0.764809	0.761722	0.761688	0.767658	0.778974	0.793562	0.809456	0.825562	0.844598	0.864034	0.880403	0.890181	0.892661	0.892309	0.894002	0.902628	0.918941	0.937046	0.950567	0.953589	0.946789	0.935180	0.923785	0.916858	0.912474	0.908946	0.905103	0.899559	0.891418	0.883260	0.878052	0.879518	0.890670	0.903768	0.909817	0.900925	0.879595	0.850381	0.817271	0.782365	0.739762	0.695230	0.656583	0.631076	0.617909	0.610894	0.603818	0.591049	0.573692	0.555906	0.541695	0.534731	0.534437	0.537910	0.542298	0.545249	0.548082	0.551390	0.555391	0.561324	0.572721	0.583634	0.586779	0.574734	0.545981	0.509966	0.477008	0.455676	0.441439	0.431770	0.425411	0.421709	0.422568	0.426102	0.429767	0.431541	0.432863	0.433836	0.434131	0.434293																																	
																																						0.391448	0.497787	0.621275	0.725763	0.779127	0.790006	0.779006	0.765001	0.763084	0.762989	0.763311	0.765707	0.771802	0.781720	0.793671	0.805749	0.816500	0.827195	0.837593	0.847055	0.854643	0.859245	0.863281	0.869616	0.881476	0.900508	0.921291	0.937663	0.944104	0.941923	0.934896	0.926565	0.919536	0.911102	0.902266	0.894900	0.890744	0.889621	0.890027	0.890445	0.890379	0.893110	0.894759	0.890285	0.874954	0.849105	0.817019	0.783056	0.750030	0.713256	0.676167	0.643767	0.620603	0.605817	0.596006	0.587879	0.578986	0.571745	0.565381	0.558350	0.548541	0.533794	0.519099	0.510324	0.513594	0.530640	0.553028	0.571431	0.578101	0.577124	0.570799	0.560284	0.545816	0.524409	0.499808	0.476826	0.459176	0.443767	0.431009	0.422268	0.419241	0.423254	0.430842	0.437989	0.441793	0.445512	0.447704	0.445871																																		
																																						0.295035	0.421367	0.576211	0.708761	0.774280	0.786310	0.771532	0.753664	0.751915	0.754205	0.757432	0.762036	0.768683	0.778222	0.788856	0.798450	0.804973	0.808465	0.810905	0.814344	0.820345	0.827518	0.836153	0.846979	0.861391	0.881790	0.903580	0.921235	0.929945	0.931375	0.928115	0.922366	0.915278	0.903584	0.890488	0.880335	0.877415	0.882175	0.889728	0.894838	0.893466	0.888965	0.880904	0.867808	0.847859	0.819657	0.786887	0.753822	0.723562	0.692701	0.662680	0.636038	0.614935	0.598425	0.585610	0.575836	0.569426	0.569631	0.571794	0.570066	0.557859	0.531792	0.502962	0.483973	0.487502	0.515583	0.552828	0.582558	0.590124	0.580094	0.561026	0.540463	0.524413	0.508697	0.492878	0.477773	0.463637	0.448655	0.434993	0.425457	0.423003	0.428526	0.437877	0.446456	0.451191	0.456664	0.459837	0.456146																																		
																																							0.377806	0.544969	0.688728	0.758973	0.771540	0.755424	0.736066	0.734082	0.736582	0.740135	0.745087	0.752096	0.762286	0.773499	0.783144	0.788617	0.789510	0.788970	0.790405	0.796719	0.806676	0.819020	0.832818	0.847965	0.867170	0.886926	0.902750	0.910738	0.912243	0.909366	0.903887	0.896541	0.883987	0.869946	0.859315	0.857022	0.863875	0.873869	0.880495	0.878411	0.870685	0.858567	0.842429	0.822025	0.795305	0.765247	0.735582	0.709232	0.683954	0.659817	0.637572	0.617667	0.599163	0.582864	0.569894	0.562137	0.562347	0.564969	0.563367	0.550137	0.521697	0.490227	0.469530	0.473447	0.504088	0.544799	0.577560	0.586527	0.576591	0.557074	0.536220	0.520553	0.505363	0.490405	0.476855	0.465526	0.455335	0.446913	0.441250	0.439580	0.442882	0.448617	0.453840	0.457057	0.462835	0.466579																																			
																																							0.358110	0.523414	0.665541	0.734178	0.745349	0.728001	0.707464	0.704150	0.704834	0.706737	0.710983	0.719047	0.732290	0.747422	0.760598	0.768074	0.769653	0.769341	0.771379	0.779605	0.793250	0.809501	0.825659	0.839923	0.854993	0.869069	0.879454	0.883658	0.882013	0.876565	0.869348	0.861442	0.849865	0.837513	0.828313	0.826331	0.832603	0.841682	0.847571	0.845212	0.836971	0.824751	0.809816	0.792843	0.771994	0.749044	0.726402	0.706129	0.687370	0.669205	0.650934	0.631613	0.610306	0.589205	0.570883	0.558080	0.551737	0.547859	0.541988	0.529043	0.506242	0.482376	0.467460	0.471634	0.496753	0.530205	0.558266	0.569292	0.568457	0.560507	0.548817	0.535233	0.514983	0.492584	0.474201	0.465551	0.465981	0.470646	0.474685	0.473871	0.469661	0.464340	0.459849	0.459003	0.465081	0.470896																																			
																																								0.504586	0.636070	0.699404	0.709524	0.693140	0.673580	0.669448	0.667885	0.667432	0.670481	0.679732	0.696590	0.716480	0.734204	0.744853	0.748695	0.750280	0.754277	0.765118	0.782669	0.802677	0.820740	0.833373	0.843081	0.850011	0.853552	0.852845	0.846939	0.837961	0.828423	0.820035	0.810412	0.801023	0.794124	0.792204	0.796388	0.802686	0.806597	0.804239	0.797106	0.787087	0.775701	0.764074	0.751077	0.737089	0.722847	0.709198	0.696619	0.683627	0.668528	0.649427	0.625391	0.599559	0.575492	0.556206	0.540346	0.526703	0.514426	0.502234	0.488518	0.476704	0.470858	0.475317	0.491605	0.513352	0.533449	0.546642	0.558277	0.566481	0.567669	0.557096	0.530270	0.497926	0.472633	0.466302	0.478463	0.497832	0.512773	0.512759	0.499913	0.481931	0.466200	0.460224	0.465478																																				
																																								0.482480	0.597083	0.653849	0.666037	0.655703	0.641827	0.639276	0.636652	0.634286	0.635990	0.645703	0.664398	0.686840	0.707265	0.720330	0.726631	0.730718	0.737152	0.750469	0.771223	0.794140	0.813544	0.824646	0.829670	0.830440	0.828183	0.823483	0.814314	0.802794	0.791747	0.783380	0.775967	0.769603	0.764912	0.762788	0.764251	0.767046	0.768513	0.766313	0.761169	0.754456	0.747382	0.741041	0.735198	0.729073	0.721924	0.713439	0.704988	0.695056	0.681647	0.662586	0.636976	0.608188	0.580013	0.555131	0.530268	0.507110	0.488407	0.476586	0.470914	0.469941	0.472377	0.477394	0.486402	0.498348	0.511706	0.526555	0.548187	0.569466	0.581343	0.573986	0.543446	0.504819	0.475063	0.470268	0.489892	0.518567	0.540424	0.541067	0.523285	0.497754	0.474772	0.464177																																					
																																									0.542908	0.593495	0.613915	0.618357	0.618152	0.621753	0.620928	0.618199	0.618704	0.627281	0.643631	0.663315	0.681789	0.694838	0.702935	0.709665	0.718623	0.733618	0.755893	0.779982	0.799804	0.810080	0.812696	0.810416	0.805553	0.799601	0.790090	0.778819	0.768417	0.761079	0.755687	0.751536	0.748233	0.745584	0.744220	0.743492	0.742532	0.740594	0.737983	0.735038	0.732019	0.729366	0.727730	0.725803	0.722024	0.715302	0.707033	0.696446	0.682311	0.663219	0.638382	0.610260	0.581657	0.554084	0.523502	0.493786	0.470210	0.457609	0.455235	0.459251	0.465876	0.472022	0.479504	0.488991	0.500626	0.515951	0.539778	0.564148	0.579294	0.574945	0.547995	0.512856	0.485511	0.480996	0.498328	0.523782	0.543335	0.544518	0.530668	0.509805	0.489281																																						
																																									0.464716	0.507218	0.543349	0.574278	0.598586	0.614160	0.618417	0.616914	0.616237	0.621898	0.631160	0.642161	0.653791	0.664998	0.675810	0.687242	0.700342	0.716733	0.738524	0.761281	0.779731	0.789186	0.790893	0.787878	0.782921	0.777991	0.770707	0.762274	0.754675	0.749702	0.746996	0.745244	0.743181	0.739550	0.734178	0.728554	0.724283	0.722944	0.724674	0.727712	0.730178	0.730825	0.731549	0.731069	0.727471	0.719034	0.706145	0.690010	0.671765	0.652336	0.631151	0.608047	0.583031	0.554979	0.520015	0.484430	0.455969	0.441606	0.439817	0.445659	0.454442	0.462496	0.472651	0.484804	0.497985	0.512333	0.531496	0.550471	0.562928	0.562340	0.547134	0.525933	0.508215	0.502459	0.506606	0.514921	0.522048	0.524023	0.524855	0.523163																																							
																																										0.413866	0.468391	0.529898	0.582474	0.612004	0.622387	0.622539	0.620575	0.622657	0.623240	0.623556	0.626578	0.634982	0.648178	0.664277	0.681489	0.698964	0.719675	0.740508	0.757311	0.766278	0.768012	0.765515	0.761735	0.758900	0.754960	0.750420	0.746434	0.744221	0.744172	0.744547	0.743408	0.738574	0.728921	0.718129	0.710382	0.709720	0.716251	0.725792	0.733944	0.737428	0.739447	0.739010	0.734108	0.722522	0.703248	0.679843	0.656330	0.636462	0.619906	0.603352	0.583449	0.556034	0.517852	0.477405	0.444559	0.427997	0.425074	0.430633	0.440100	0.450267	0.465164	0.482625	0.499160	0.512110	0.523821	0.533824	0.540916	0.543972	0.543089	0.539262	0.533503	0.525813	0.512886	0.499128	0.490143	0.492645	0.511231	0.533058																																							
																																										0.336496	0.406685	0.494009	0.570340	0.611425	0.626514	0.627527	0.624086	0.623141	0.616916	0.608828	0.604811	0.610177	0.623638	0.641599	0.660702	0.678767	0.699365	0.719915	0.736636	0.746003	0.748351	0.746759	0.744340	0.743565	0.742672	0.741540	0.740574	0.740432	0.742024	0.743480	0.742568	0.736596	0.723661	0.708993	0.698627	0.698382	0.708381	0.722642	0.734884	0.740298	0.743029	0.742361	0.736283	0.722272	0.698273	0.669550	0.642219	0.622095	0.609005	0.597366	0.581401	0.554814	0.514984	0.471703	0.435983	0.417299	0.411947	0.415392	0.424025	0.435840	0.455805	0.479303	0.500004	0.512295	0.517729	0.519848	0.521880	0.527266	0.537206	0.546658	0.549996	0.540618	0.514386	0.483419	0.461624	0.463735	0.494569																																								
																																											0.373944	0.474725	0.563171	0.609571	0.625664	0.625510	0.620209	0.617901	0.610020	0.599846	0.593409	0.595886	0.605224	0.618982	0.635237	0.653214	0.676577	0.701216	0.721729	0.733194	0.736487	0.735362	0.733467	0.733781	0.734528	0.735097	0.735389	0.735593	0.736688	0.737180	0.735213	0.728361	0.714399	0.698720	0.687625	0.687187	0.697521	0.712401	0.725298	0.731208	0.734435	0.734244	0.728556	0.714770	0.690804	0.662036	0.634707	0.614748	0.601974	0.590701	0.575055	0.548734	0.509439	0.466536	0.430500	0.410084	0.400884	0.400018	0.405822	0.418221	0.442434	0.471577	0.496879	0.510502	0.514392	0.513791	0.513582	0.518738	0.530277	0.541869	0.546593	0.536660	0.508095	0.473987	0.449208	0.449276																																									
																																												0.470982	0.562619	0.609347	0.623016	0.619447	0.611543	0.609339	0.604838	0.598667	0.593914	0.592601	0.591519	0.592924	0.600150	0.617340	0.647752	0.682899	0.712931	0.729135	0.733992	0.732907	0.730768	0.731646	0.733444	0.734887	0.735280	0.734120	0.731968	0.728580	0.723528	0.715772	0.703148	0.689582	0.679834	0.678509	0.685763	0.696782	0.706498	0.711117	0.714299	0.714957	0.710843	0.699462	0.679638	0.655435	0.631448	0.611966	0.596586	0.581557	0.563085	0.536946	0.501110	0.462508	0.428991	0.406610	0.390320	0.380796	0.380279	0.392326	0.421782	0.458630	0.490940	0.508367	0.514629	0.515114	0.514313	0.516349	0.520605	0.523780	0.522620	0.513211	0.492828	0.469018	0.450484																																										
																																													0.565494	0.609733	0.619465	0.611761	0.601183	0.599700	0.600489	0.600679	0.599352	0.594363	0.581378	0.568320	0.564778	0.580692	0.618653	0.665265	0.705766	0.727282	0.734193	0.733532	0.731309	0.732566	0.734848	0.736386	0.736084	0.732867	0.726657	0.718632	0.710047	0.701547	0.691223	0.680976	0.673370	0.670925	0.673860	0.679363	0.684434	0.686973	0.689635	0.690980	0.688696	0.680600	0.666796	0.649329	0.630296	0.611509	0.592283	0.571721	0.549092	0.523165	0.492112	0.459602	0.430022	0.405961	0.381894	0.362598	0.354739	0.365929	0.400348	0.444811	0.484285	0.506094	0.516175	0.519287	0.518589	0.516301	0.509660	0.500129	0.490077	0.481456	0.473177	0.464738																																											
																																														0.608779	0.614978	0.604079	0.591568	0.590597	0.595361	0.600448	0.601976	0.594801	0.574037	0.551343	0.540368	0.554747	0.596376	0.649093	0.695456	0.720412	0.729649	0.730637	0.729438	0.731111	0.733079	0.733719	0.732118	0.727210	0.718336	0.707441	0.696754	0.687941	0.679388	0.671581	0.665518	0.662229	0.661961	0.663355	0.664917	0.665732	0.667571	0.668988	0.667932	0.662788	0.654754	0.643848	0.629722	0.611785	0.589161	0.563608	0.537232	0.511524	0.484682	0.457617	0.431829	0.407104	0.377788	0.351634	0.338453	0.348689	0.385909	0.434913	0.478755	0.503400	0.516418	0.521750	0.521207	0.515249	0.499496	0.479329	0.461690	0.453286																																													
																																															0.610625	0.598955	0.585903	0.584211	0.588188	0.592680	0.594044	0.587540	0.568893	0.548543	0.538688	0.551423	0.588136	0.634882	0.676684	0.700817	0.712846	0.718077	0.720349	0.722713	0.723015	0.721075	0.717363	0.712046	0.704166	0.694833	0.685499	0.677149	0.668395	0.660102	0.653596	0.650201	0.650105	0.651733	0.653385	0.653842	0.654520	0.654750	0.653403	0.649870	0.645763	0.639542	0.629106	0.612204	0.588025	0.559902	0.531562	0.505962	0.480994	0.456512	0.433004	0.409422	0.380573	0.354430	0.340892	0.350399	0.386218	0.433554	0.475974	0.499965	0.513191	0.518946	0.518334	0.511109	0.492808	0.469627	0.449391																																														
																																																0.599797	0.587158	0.582738	0.579934	0.577084	0.574461	0.571659	0.566386	0.562103	0.563125	0.573875	0.595349	0.621795	0.646906	0.665799	0.682460	0.696458	0.706130	0.709567	0.705686	0.697841	0.689862	0.685083	0.682355	0.679876	0.676114	0.669291	0.658331	0.646447	0.637319	0.634476	0.637929	0.644135	0.649388	0.650554	0.649046	0.646116	0.642637	0.639892	0.639402	0.637856	0.631338	0.615971	0.591335	0.561866	0.532321	0.506398	0.481152	0.456812	0.434514	0.414192	0.391886	0.372941	0.364142	0.372896	0.402310	0.440834	0.475467	0.495613	0.507653	0.513676	0.513918	0.507726	0.492086	0.471670																																															
																																																	0.588168	0.581067	0.570579	0.559341	0.552429	0.554762	0.566531	0.582562	0.597396	0.605977	0.608913	0.610449	0.614832	0.626664	0.647771	0.671117	0.688802	0.693313	0.684841	0.670645	0.658242	0.654479	0.658132	0.663986	0.666974	0.662012	0.648327	0.632034	0.619750	0.617760	0.625879	0.638069	0.648088	0.650419	0.646651	0.640183	0.634078	0.631616	0.633981	0.636314	0.633186	0.619403	0.595005	0.565132	0.535134	0.509002	0.482844	0.457858	0.436478	0.420328	0.406973	0.398036	0.395950	0.403938	0.425052	0.452000	0.476243	0.490898	0.500425	0.505761	0.506527	0.502058	0.491314																																																
																																																		0.573203	0.559808	0.545468	0.537882	0.545063	0.569213	0.599381	0.623476	0.629942	0.618897	0.601739	0.590325	0.596025	0.618866	0.647441	0.669842	0.674996	0.664075	0.646589	0.632102	0.629450	0.637502	0.648929	0.656430	0.652819	0.637451	0.618370	0.604169	0.602991	0.614528	0.631047	0.644570	0.647980	0.643076	0.634577	0.626855	0.624343	0.627864	0.631889	0.630392	0.617680	0.594025	0.564758	0.535363	0.509798	0.483623	0.458800	0.438725	0.426309	0.420380	0.419589	0.422892	0.430193	0.444600	0.462065	0.477413	0.486452	0.491805	0.494167	0.493467																																																		
																																																				0.542364	0.542092	0.552470	0.576344	0.604321	0.625735	0.630180	0.617036	0.597535	0.583589	0.586445	0.605531	0.630362	0.650171	0.655047	0.646393	0.632250	0.620583	0.618795	0.626091	0.636128	0.642529	0.638935	0.624493	0.606699	0.593634	0.592974	0.604484	0.620802	0.634318	0.638311	0.634735	0.627706	0.620925	0.618122	0.619925	0.621767	0.618690	0.605932	0.583459	0.556079	0.528821	0.505309	0.481450	0.459078	0.441351	0.431097	0.427620	0.429021	0.433531	0.440433	0.453087	0.467730	0.479411	0.483813	0.482390																																																				
																																																						0.583952	0.594877	0.603761	0.609800	0.611692	0.607610	0.601292	0.597193	0.599538	0.608178	0.619086	0.628107	0.631529	0.630281	0.626836	0.623493	0.622414	0.623464	0.624660	0.623974	0.619035	0.608375	0.596322	0.587836	0.587687	0.595939	0.607737	0.617993	0.622465	0.623321	0.621912	0.618989	0.615413	0.611671	0.606253	0.597437	0.583291	0.562857	0.539345	0.516396	0.496678	0.477366	0.459558	0.445261	0.436129	0.431248	0.430182	0.432753	0.439969	0.455875	0.474070	0.486643																																																						
																																																								0.597435	0.583799	0.583399	0.593178	0.606534	0.617508	0.620590	0.616471	0.609739	0.604970	0.606592	0.614752	0.624826	0.631946	0.631640	0.624575	0.614333	0.604449	0.597662	0.591745	0.586928	0.584129	0.584353	0.588030	0.593582	0.599230	0.603964	0.610162	0.615663	0.617489	0.612888	0.602219	0.587754	0.571756	0.555786	0.537755	0.518887	0.501091	0.485858	0.472022	0.459646	0.449152	0.440526	0.432344	0.426518	0.425480	0.432948	0.453682																																																								
																																																										0.553092	0.575108	0.605452	0.629529	0.633752	0.619500	0.598520	0.582651	0.583076	0.599239	0.620698	0.636728	0.637459	0.624289	0.605223	0.588191	0.579961	0.577690	0.578399	0.579847	0.580084	0.579796	0.580018	0.581621	0.586164	0.596130	0.606650	0.611888	0.606321	0.590186	0.568689	0.547192	0.529971	0.514068	0.499150	0.485769	0.474544	0.465782	0.458455	0.451392	0.442937	0.431259	0.420455	0.415363																																																										
																																																												0.590657	0.619702	0.624873	0.607572	0.582089	0.562914	0.563666	0.583451	0.609840	0.630141	0.632757	0.619639	0.599782	0.581977	0.573768	0.572136	0.573562	0.575293	0.574881	0.572974	0.571156	0.570881	0.574223	0.583513	0.593568	0.598272	0.591781	0.574167	0.551177	0.528790	0.511825	0.497172	0.484158	0.473026	0.464339	0.459217	0.455605	0.451015	0.442546	0.428413																																																												
																																																															0.583303	0.561489	0.545595	0.548246	0.568259	0.594587	0.616063	0.622758	0.617324	0.606154	0.595116	0.589045	0.585249	0.582482	0.580267	0.578233	0.576676	0.575572	0.574809	0.574792	0.577289	0.579538	0.578119	0.569667	0.553886	0.534536	0.515634	0.500305	0.486067	0.473104	0.462361	0.455185	0.453085	0.452702																																																															
																																																																		0.534285	0.552793	0.576437	0.597020	0.607611	0.611379	0.611029	0.608419	0.604674	0.597549	0.588912	0.581399	0.577487	0.577015	0.577720	0.577291	0.573846	0.568533	0.561702	0.553372	0.543379	0.531117	0.517557	0.503899	0.490823	0.476710	0.463039																																																																			
																																																																				0.556244	0.574471	0.585878	0.593543	0.598040	0.599030	0.595584	0.585615	0.572836	0.561754	0.556548	0.556730	0.558772	0.559144	0.554724	0.546412	0.536130	0.525607	0.516342	0.507793	0.499184																																																																							
																																																																							0.553445	0.548176	0.540981	0.533251	0.522317	0.510346	0.500410	0.495316	0.494599	0.496072	0.497592	0.497547	0.497443	0.496884																																																																											
																																																																											0.391590	0.385251	0.381274	0.377750	0.374583	0.373809																																																																															
																																																																																																																																																															
																																																																																																																																																															
																																																																																																																																																															
																																																																																																																																																															
																																																																																																																																																															
																																																																																																																																																															
																																																																																																																																																															
																																																																																																																																																															
																																																																																																																																																															
																																																																																																																																																															
																																																																																																																																																															
																																																																																																																																																															
																																																																																																																																																															
																																																																																																																																																															
																																																																																																																																																															
																																																																																																																																																															
																																																																																																																																																															
																																																																																																																																																															
																																																																																																																																																															
																																																																																																																																																															
