Intensity (Arbitrary Unity)
Acquisition 	2020/10/14 14:17:17.553
Save 	2020/10/14 21:45:00.517

ASO Size : 40 x 32; ASO Step : 114.077560 um x 114.052567 um
Area Size : 160 x 128; Area Step : 28.519390 um x 28.513142 um
																																																																																																																																																															
																																																																																																																																																															
																																																																																																																																																															
																																																																																																																																																															
																																																																																																																																																															
																																																																																																																																																															
																																																																																																																																																															
																																																																																																																																																															
																																																																																																																																																															
																																																																																																																																																															
																																																																																																																																																															
																																																																																																																																																															
																																																																																			0.290364	0.283008	0.277455	0.273926	0.271585	0.271326																																																																							
																																																																															0.366909	0.363811	0.359749	0.354697	0.347599	0.339889	0.333385	0.329624	0.327900	0.327617	0.328373	0.329971	0.333070																																																																				
																																																																											0.373877	0.377326	0.380438	0.382736	0.384960	0.386600	0.386900	0.384914	0.379889	0.373775	0.368835	0.367169	0.368533	0.371153	0.373250	0.373215	0.371373	0.368900	0.366923																																																																		
																																																															0.329416	0.343839	0.356086	0.362780	0.364623	0.364057	0.363414	0.364563	0.366239	0.368261	0.370825	0.374234	0.378880	0.383937	0.388426	0.391532	0.393687	0.395129	0.395975	0.396048	0.394358	0.392402	0.392042	0.395261	0.402737	0.411584	0.418582	0.420848	0.419077	0.415226	0.411126	0.408231	0.405516																																																																
																																																												0.343132	0.352706	0.357412	0.359841	0.361122	0.361646	0.361517	0.359828	0.357683	0.356512	0.357540	0.360263	0.364128	0.368710	0.373894	0.380690	0.387866	0.393828	0.397025	0.397369	0.396527	0.396267	0.397853	0.399823	0.402861	0.408128	0.417244	0.431951	0.448306	0.461666	0.467977	0.468598	0.465770	0.461420	0.456985	0.451070	0.444097	0.436931																																																														
																																																										0.359447	0.365980	0.378832	0.389426	0.390275	0.383883	0.374399	0.365389	0.359657	0.355098	0.351715	0.350152	0.351063	0.354574	0.359863	0.366032	0.372665	0.381273	0.390258	0.397495	0.400805	0.399706	0.397020	0.395839	0.398571	0.403314	0.410196	0.419931	0.433958	0.454858	0.477751	0.496756	0.506804	0.509837	0.508336	0.504298	0.499154	0.491244	0.481352	0.470799	0.461858	0.457967	0.452271																																																											
																																																								0.426839	0.396923	0.386210	0.389968	0.399238	0.406111	0.403572	0.393547	0.380484	0.368436	0.360644	0.354905	0.350915	0.349032	0.349686	0.353189	0.358695	0.365229	0.372318	0.381548	0.391277	0.399313	0.403423	0.403164	0.401360	0.401092	0.404704	0.410101	0.417733	0.428704	0.444910	0.469222	0.495917	0.518147	0.529973	0.533532	0.531914	0.527697	0.522812	0.515420	0.506041	0.495782	0.486712	0.482291	0.475837	0.459320	0.423413	0.362515																																																								
																																																						0.487725	0.475622	0.450796	0.426780	0.415049	0.410473	0.408418	0.405610	0.399099	0.389530	0.378994	0.369478	0.362528	0.356923	0.352746	0.350454	0.350517	0.353032	0.357401	0.362968	0.369480	0.378216	0.387725	0.396103	0.401532	0.404029	0.405391	0.407485	0.411467	0.415152	0.420299	0.429407	0.445649	0.471693	0.500809	0.525164	0.537877	0.541092	0.538832	0.534637	0.531332	0.526963	0.521311	0.514741	0.508455	0.505369	0.500392	0.487325	0.458923	0.410728	0.355929	0.309645																																																						
																																																				0.416782	0.464015	0.483306	0.481730	0.469095	0.453481	0.441053	0.426392	0.410559	0.396309	0.386036	0.378899	0.373625	0.369139	0.364465	0.359782	0.355828	0.353317	0.352859	0.354187	0.357048	0.361255	0.366878	0.374756	0.383701	0.392217	0.399044	0.404788	0.409901	0.414672	0.418738	0.419908	0.421466	0.427507	0.442604	0.468975	0.499090	0.524412	0.537348	0.539902	0.536995	0.533153	0.532142	0.532005	0.531584	0.530269	0.528095	0.527204	0.524704	0.516927	0.499543	0.469754	0.435622	0.406406	0.389669	0.380913																																																				
																																																			0.357853	0.409493	0.454768	0.476089	0.482194	0.479022	0.470110	0.457254	0.434982	0.408794	0.386093	0.373410	0.368816	0.368351	0.368473	0.366171	0.362758	0.359493	0.357290	0.356865	0.357678	0.359732	0.363196	0.368382	0.375801	0.384460	0.393163	0.401062	0.409167	0.416981	0.423673	0.427841	0.427400	0.426533	0.430241	0.443833	0.469082	0.498314	0.522986	0.535397	0.537234	0.533947	0.530714	0.531971	0.535917	0.540517	0.544195	0.545884	0.547093	0.546878	0.543789	0.536021	0.522131	0.505849	0.491505	0.482611	0.476971	0.474002	0.473762																																																		
																																																		0.339630	0.371148	0.415248	0.453969	0.472399	0.478426	0.476445	0.468640	0.455612	0.432242	0.404754	0.381205	0.368719	0.365262	0.366421	0.368209	0.367258	0.365125	0.363102	0.362067	0.362708	0.364499	0.367452	0.371740	0.377680	0.385797	0.395073	0.404286	0.412544	0.420800	0.428676	0.435488	0.440049	0.440541	0.440574	0.444474	0.456827	0.479163	0.504856	0.526526	0.537423	0.538652	0.535491	0.533112	0.536063	0.542942	0.551071	0.558083	0.562115	0.564560	0.565423	0.564290	0.560421	0.552644	0.543261	0.535029	0.530405	0.528751	0.528460	0.528051	0.526861																																																	
																																																	0.373466	0.378954	0.402577	0.432704	0.457500	0.466829	0.464827	0.456116	0.444260	0.431448	0.413469	0.393749	0.377144	0.367993	0.365216	0.365915	0.367390	0.367346	0.366778	0.366655	0.367687	0.370465	0.374692	0.380173	0.386794	0.394701	0.404764	0.415677	0.425812	0.433739	0.439903	0.445140	0.450187	0.455363	0.459339	0.463567	0.469965	0.480778	0.497400	0.515727	0.531055	0.538897	0.539333	0.536744	0.535675	0.540298	0.549977	0.561388	0.571260	0.576969	0.580272	0.581450	0.580262	0.575921	0.566512	0.555375	0.546580	0.544245	0.549128	0.556100	0.559577	0.554305	0.540611	0.523314																																															
																																																0.401447	0.411743	0.423764	0.439015	0.453360	0.462028	0.460263	0.447450	0.429164	0.411413	0.399042	0.388935	0.380401	0.373668	0.369028	0.366726	0.366143	0.366561	0.367329	0.368583	0.370792	0.374404	0.379861	0.387208	0.395943	0.405533	0.415852	0.428229	0.441017	0.452095	0.459356	0.462554	0.464123	0.466678	0.472509	0.480871	0.490467	0.500170	0.509274	0.519068	0.528538	0.536236	0.540459	0.540145	0.538413	0.538839	0.544925	0.556916	0.570984	0.583061	0.589912	0.593816	0.594969	0.592883	0.586220	0.571990	0.555518	0.543269	0.541987	0.553559	0.568726	0.577249	0.568778	0.541455	0.508108	0.482688																																														
																																															0.376214	0.410675	0.439702	0.457051	0.466201	0.468756	0.465330	0.455270	0.434315	0.408799	0.386630	0.374719	0.370786	0.370960	0.371895	0.370732	0.368671	0.366971	0.366582	0.368259	0.371475	0.376177	0.382471	0.390582	0.400935	0.412737	0.425037	0.437408	0.451518	0.465569	0.477175	0.483802	0.484596	0.483230	0.483799	0.490160	0.502085	0.516020	0.528330	0.535868	0.539792	0.541705	0.542926	0.544157	0.543462	0.542721	0.544480	0.551457	0.564595	0.579918	0.592993	0.600331	0.604555	0.605656	0.602826	0.594211	0.576107	0.555308	0.540027	0.538854	0.554252	0.574347	0.586003	0.575675	0.540087	0.497152	0.466556	0.468146																																													
																																														0.334894	0.371434	0.410861	0.443824	0.462455	0.470509	0.470846	0.465309	0.454253	0.432843	0.407170	0.385059	0.373387	0.370023	0.370931	0.372552	0.371791	0.369737	0.368032	0.368057	0.370982	0.376277	0.383479	0.392268	0.402565	0.415156	0.429073	0.443064	0.456422	0.470832	0.484755	0.496076	0.502433	0.502679	0.500704	0.500916	0.507563	0.520740	0.536072	0.548967	0.555302	0.556017	0.553982	0.551904	0.551742	0.551315	0.551572	0.554169	0.561041	0.573379	0.587660	0.599848	0.606796	0.610982	0.612248	0.609681	0.601402	0.583990	0.563884	0.548847	0.546934	0.560268	0.577962	0.588013	0.577996	0.544755	0.504922	0.476815	0.478930	0.514500																																												
																																													0.322085	0.346109	0.372805	0.399850	0.423217	0.439784	0.452082	0.459859	0.462078	0.457011	0.442129	0.422532	0.404314	0.392522	0.384439	0.378640	0.374467	0.371283	0.369082	0.368508	0.370238	0.374949	0.382738	0.392799	0.404259	0.416624	0.431065	0.446516	0.461504	0.475032	0.488502	0.501043	0.511317	0.517694	0.518972	0.518383	0.519666	0.526495	0.539190	0.553650	0.565497	0.570714	0.569920	0.566306	0.563014	0.562501	0.562862	0.564180	0.567123	0.572638	0.581774	0.592186	0.601101	0.606416	0.610013	0.611486	0.609839	0.603463	0.590126	0.574412	0.561786	0.557650	0.562569	0.570387	0.574511	0.568301	0.550665	0.529698	0.514182	0.512972	0.527584	0.547141																																											
																																												0.314939	0.346690	0.366136	0.377024	0.384449	0.392589	0.405653	0.424356	0.443535	0.457584	0.461409	0.455958	0.445062	0.432429	0.420581	0.405976	0.390815	0.378475	0.371751	0.369143	0.369856	0.373518	0.380046	0.390371	0.403334	0.417445	0.431736	0.447788	0.464461	0.480080	0.493335	0.505220	0.515720	0.524516	0.530968	0.533933	0.535574	0.538500	0.545339	0.556538	0.568872	0.578843	0.583179	0.582153	0.578672	0.575686	0.575634	0.577194	0.579690	0.582816	0.586486	0.591408	0.596725	0.601328	0.604476	0.607267	0.608979	0.608522	0.604660	0.596737	0.586864	0.577442	0.570350	0.564143	0.558869	0.555013	0.553510	0.555962	0.559298	0.559828	0.553798	0.540468	0.524578																																											
																																											0.294008	0.334692	0.369604	0.384531	0.381738	0.372418	0.367561	0.377460	0.401306	0.429884	0.453824	0.465279	0.468125	0.465040	0.457643	0.446290	0.426896	0.404551	0.385807	0.376128	0.372718	0.373841	0.378534	0.386323	0.398741	0.414218	0.430645	0.446588	0.464052	0.481799	0.497923	0.510781	0.520996	0.529381	0.536595	0.542956	0.547380	0.550995	0.555303	0.561871	0.571127	0.580934	0.588931	0.592860	0.592733	0.590792	0.589371	0.590525	0.593619	0.597445	0.600933	0.603154	0.604430	0.605261	0.606071	0.607374	0.609546	0.611572	0.612275	0.610760	0.607822	0.603296	0.596769	0.586963	0.570861	0.553764	0.542119	0.543108	0.560167	0.581533	0.593888	0.583760	0.548731	0.505496	0.472216																																										
																																										0.275685	0.306589	0.346521	0.379902	0.392234	0.384996	0.370714	0.362007	0.370603	0.395234	0.425864	0.452400	0.466554	0.473059	0.473893	0.469682	0.459903	0.440711	0.417756	0.398101	0.387534	0.382680	0.382251	0.385931	0.393855	0.407538	0.424825	0.443006	0.460198	0.478847	0.497575	0.514203	0.526760	0.535660	0.542321	0.548101	0.553981	0.558869	0.563240	0.567919	0.573761	0.580968	0.588416	0.594872	0.599123	0.601079	0.602072	0.603523	0.606806	0.611958	0.617556	0.622101	0.624173	0.623821	0.622401	0.621311	0.621869	0.623992	0.626473	0.628082	0.628132	0.628319	0.627069	0.622223	0.610744	0.589305	0.565380	0.547780	0.545811	0.562418	0.584368	0.596962	0.585384	0.547154	0.500394	0.464770	0.459286																																									
																																									0.289963	0.296489	0.321763	0.354274	0.381685	0.392498	0.387832	0.377693	0.372182	0.380716	0.402400	0.429010	0.452238	0.465274	0.472064	0.474157	0.471966	0.465060	0.450598	0.432800	0.416932	0.407041	0.399686	0.395409	0.395822	0.402744	0.417117	0.435866	0.455498	0.473524	0.492891	0.512159	0.528928	0.540979	0.548586	0.553603	0.557880	0.562869	0.567470	0.571697	0.575903	0.580331	0.584663	0.589079	0.593863	0.599253	0.605139	0.611430	0.618060	0.625237	0.633882	0.642559	0.649493	0.652937	0.652734	0.650840	0.649343	0.650119	0.652737	0.655897	0.658371	0.659653	0.662028	0.662956	0.659091	0.646510	0.622759	0.595033	0.571588	0.560345	0.561330	0.566588	0.567810	0.556739	0.532367	0.504295	0.482851	0.478265	0.491685																																								
																																								0.323683	0.316721	0.321747	0.338931	0.361024	0.380410	0.390046	0.390819	0.388590	0.389205	0.398222	0.415489	0.435651	0.453168	0.463452	0.468972	0.471024	0.470210	0.466654	0.458809	0.448614	0.438562	0.430099	0.419986	0.411096	0.407411	0.412780	0.427315	0.447018	0.467679	0.486270	0.506236	0.526013	0.542917	0.554439	0.560779	0.564181	0.566923	0.570861	0.574866	0.578588	0.582004	0.584814	0.586066	0.587330	0.590529	0.597504	0.608231	0.620902	0.633638	0.645173	0.657341	0.668962	0.678253	0.683389	0.683984	0.682378	0.681127	0.682488	0.685796	0.689683	0.692922	0.695119	0.698943	0.701231	0.697867	0.684584	0.660261	0.630660	0.602136	0.579693	0.559612	0.541848	0.527485	0.517874	0.514083	0.513337	0.512418	0.508801	0.504408	0.499201																																							
																																								0.345444	0.343025	0.346884	0.356536	0.368804	0.380522	0.388818	0.394240	0.398930	0.404953	0.414456	0.428009	0.442706	0.455341	0.463180	0.467384	0.469139	0.469331	0.468679	0.466726	0.463363	0.458613	0.451635	0.439468	0.426902	0.419832	0.423712	0.437859	0.457730	0.478797	0.497841	0.518719	0.539507	0.557022	0.568276	0.573479	0.575339	0.576619	0.579612	0.583101	0.586415	0.589227	0.590790	0.589622	0.588445	0.590549	0.599145	0.614436	0.632940	0.650965	0.665708	0.679688	0.692349	0.702346	0.708178	0.709118	0.707636	0.706531	0.708267	0.712097	0.716553	0.720327	0.723007	0.727468	0.730290	0.727026	0.713403	0.689372	0.659273	0.627645	0.596921	0.560510	0.524767	0.498332	0.490297	0.503464	0.525003	0.540680	0.537573	0.518157	0.492053																																							
																																							0.360673	0.362305	0.364595	0.368484	0.373626	0.379541	0.385836	0.392096	0.398191	0.404709	0.412305	0.421886	0.434411	0.447694	0.459162	0.466571	0.470691	0.472739	0.473750	0.474713	0.475613	0.475482	0.473308	0.467321	0.454764	0.441083	0.432804	0.435822	0.448928	0.467839	0.488451	0.508039	0.530729	0.553746	0.572937	0.584413	0.588479	0.588617	0.588367	0.590707	0.594212	0.597804	0.600789	0.602008	0.599761	0.597475	0.599240	0.609159	0.627840	0.650370	0.671436	0.686751	0.699071	0.709009	0.716365	0.720568	0.720307	0.717901	0.716168	0.717644	0.721764	0.726745	0.730901	0.733463	0.737337	0.739418	0.735580	0.721890	0.698417	0.669003	0.637637	0.606104	0.567417	0.529108	0.501161	0.494119	0.511317	0.537766	0.556811	0.553204	0.529388	0.497355	0.468874																																						
																																							0.367348	0.376560	0.384880	0.389857	0.392047	0.393161	0.394815	0.398198	0.402075	0.406903	0.413538	0.423157	0.436999	0.452234	0.465531	0.474001	0.478693	0.481096	0.482448	0.483890	0.485265	0.485640	0.484089	0.478991	0.467841	0.455600	0.448205	0.450886	0.462053	0.478596	0.497755	0.518154	0.544144	0.571299	0.593675	0.605711	0.607858	0.605076	0.602401	0.604134	0.608480	0.613530	0.617844	0.619566	0.617077	0.614390	0.616189	0.627322	0.649036	0.674819	0.697500	0.710968	0.717837	0.720732	0.721597	0.721621	0.718493	0.714105	0.711135	0.712176	0.717312	0.723838	0.728904	0.730556	0.731451	0.730000	0.723735	0.710066	0.688230	0.661834	0.634872	0.609707	0.581305	0.554016	0.533905	0.527621	0.538023	0.554650	0.565719	0.560468	0.540732	0.514825	0.490865																																						
																																						0.360576	0.372761	0.389246	0.403561	0.410007	0.410291	0.407836	0.405694	0.406084	0.406591	0.408216	0.412737	0.422273	0.438251	0.456649	0.472842	0.482855	0.488265	0.490944	0.492365	0.493787	0.494691	0.494510	0.492810	0.488528	0.479444	0.469581	0.463812	0.466255	0.475012	0.488496	0.505625	0.526663	0.556070	0.587635	0.613525	0.626431	0.627051	0.621762	0.617010	0.618325	0.623492	0.629934	0.635637	0.638252	0.636347	0.634181	0.636628	0.648949	0.673147	0.701292	0.724497	0.734895	0.734709	0.728842	0.721734	0.716657	0.710248	0.703718	0.699358	0.699598	0.705263	0.712822	0.718342	0.718714	0.716208	0.710905	0.702203	0.688979	0.669374	0.646990	0.626149	0.610368	0.597485	0.586868	0.578509	0.572983	0.572267	0.573151	0.571685	0.564376	0.552225	0.537391	0.521819	0.506787																																					
																																						0.363680	0.379231	0.400750	0.419254	0.426885	0.426220	0.421682	0.417098	0.415182	0.412651	0.411170	0.413473	0.422611	0.440048	0.460782	0.479145	0.490288	0.496212	0.499097	0.500613	0.502139	0.502922	0.502586	0.500967	0.497337	0.489748	0.481525	0.476731	0.478624	0.485026	0.495583	0.510587	0.531585	0.562916	0.597248	0.625609	0.639716	0.640658	0.635266	0.630336	0.631642	0.636646	0.642958	0.648853	0.652292	0.651946	0.651626	0.655714	0.669217	0.694906	0.724079	0.746817	0.754105	0.747641	0.734176	0.720236	0.710903	0.702142	0.694252	0.688769	0.687511	0.691656	0.697815	0.702096	0.701323	0.697399	0.690963	0.682099	0.670156	0.652617	0.633490	0.617720	0.610093	0.610771	0.614752	0.616768	0.612138	0.602128	0.589730	0.577686	0.568709	0.563107	0.557755	0.549300	0.534148																																					
																																					0.371347	0.372573	0.388892	0.411059	0.430054	0.438013	0.437601	0.433128	0.428281	0.425589	0.421611	0.418405	0.419167	0.427333	0.444190	0.464586	0.482750	0.493731	0.499505	0.502388	0.504194	0.506508	0.508807	0.510204	0.509932	0.506758	0.498962	0.490070	0.484286	0.484916	0.489487	0.497989	0.511167	0.530852	0.560881	0.594306	0.622711	0.638542	0.643564	0.642978	0.641670	0.643553	0.645976	0.648561	0.651719	0.655397	0.658059	0.661805	0.669294	0.684093	0.709704	0.737890	0.758990	0.764063	0.754187	0.736867	0.719604	0.708465	0.699594	0.692067	0.686089	0.682047	0.680575	0.680442	0.680167	0.678832	0.678158	0.676769	0.672706	0.663502	0.647136	0.628771	0.614410	0.609978	0.616068	0.625964	0.632481	0.629097	0.617065	0.601236	0.586291	0.576733	0.572626	0.569381	0.562193	0.546057	0.519603																																				
																																				0.391939	0.384117	0.387775	0.401432	0.418854	0.433986	0.441618	0.443787	0.442986	0.441200	0.439512	0.435121	0.430679	0.429805	0.436199	0.450650	0.468406	0.484272	0.493714	0.498267	0.500419	0.502298	0.505981	0.511584	0.516876	0.519496	0.516758	0.507215	0.495482	0.486814	0.485440	0.488591	0.495729	0.507138	0.523886	0.548723	0.576913	0.602681	0.621365	0.635960	0.647135	0.654677	0.657610	0.653292	0.646221	0.641898	0.644963	0.653249	0.665004	0.679060	0.695593	0.719058	0.743338	0.760696	0.763758	0.752677	0.734622	0.717031	0.706248	0.699593	0.694295	0.688279	0.679257	0.666191	0.652754	0.643092	0.641674	0.650190	0.661918	0.669328	0.665121	0.649016	0.628687	0.612226	0.607199	0.612955	0.622797	0.629935	0.628412	0.620113	0.608482	0.596541	0.587233	0.580710	0.573828	0.563253	0.545170	0.517432																																				
																																			0.393397	0.395627	0.398578	0.405306	0.415134	0.425907	0.435588	0.442543	0.447873	0.451744	0.453991	0.453912	0.449625	0.444342	0.441985	0.446367	0.457664	0.471829	0.484580	0.492100	0.495363	0.496887	0.499005	0.504214	0.513420	0.522918	0.528566	0.526041	0.514127	0.498768	0.486542	0.482861	0.484684	0.490652	0.500277	0.513526	0.531898	0.553427	0.575602	0.597267	0.622707	0.647365	0.665179	0.669610	0.658146	0.640675	0.628280	0.630751	0.645246	0.665763	0.686907	0.705062	0.725553	0.744896	0.757831	0.759074	0.747783	0.730365	0.713759	0.704273	0.700734	0.698398	0.692672	0.678274	0.652192	0.623724	0.603488	0.602155	0.621422	0.648355	0.668943	0.670302	0.654300	0.631329	0.611666	0.604425	0.607088	0.613898	0.619614	0.620003	0.617766	0.613535	0.607145	0.598562	0.588207	0.575553	0.559922	0.539745	0.511872	0.482072																																			
																																			0.386674	0.399625	0.411317	0.420858	0.428301	0.434468	0.440198	0.446378	0.453287	0.459666	0.464118	0.464944	0.460908	0.455357	0.452159	0.454938	0.463404	0.474320	0.484398	0.490667	0.493741	0.495772	0.498815	0.505300	0.516810	0.528804	0.536067	0.533266	0.519258	0.500899	0.485691	0.479869	0.480153	0.484682	0.492510	0.502907	0.516480	0.533150	0.552648	0.576191	0.608820	0.642597	0.667704	0.674084	0.659521	0.637027	0.620852	0.623741	0.642554	0.668734	0.694303	0.713290	0.731426	0.747041	0.756651	0.756458	0.744893	0.727845	0.711940	0.703504	0.702471	0.702603	0.697406	0.679391	0.644200	0.605134	0.577397	0.576031	0.602649	0.640058	0.669826	0.675317	0.660050	0.635969	0.614467	0.605301	0.604494	0.607591	0.611153	0.612831	0.615880	0.618308	0.617048	0.609376	0.596021	0.578735	0.559125	0.537589	0.510214	0.481820																																			
																																		0.373231	0.388999	0.404799	0.419105	0.430610	0.439853	0.447423	0.453767	0.459293	0.463914	0.467339	0.469286	0.469084	0.465348	0.460597	0.457880	0.460006	0.466580	0.475320	0.483969	0.490575	0.495870	0.500830	0.506250	0.513460	0.524409	0.535169	0.541046	0.537153	0.522140	0.502694	0.486204	0.478737	0.476819	0.479014	0.484884	0.494169	0.507421	0.524164	0.543730	0.566839	0.598154	0.630737	0.655934	0.664967	0.656182	0.640562	0.630067	0.635393	0.653914	0.678436	0.702253	0.720455	0.738248	0.753601	0.762812	0.761844	0.749024	0.730621	0.713684	0.704949	0.704342	0.705227	0.700701	0.682933	0.647754	0.608554	0.580573	0.578805	0.604579	0.641130	0.670555	0.676817	0.663739	0.642261	0.622634	0.613487	0.610722	0.611173	0.612786	0.614497	0.619421	0.624468	0.625465	0.618702	0.605171	0.587259	0.567158	0.545793	0.519136	0.491633	0.469149																																		
																																		0.384257	0.397717	0.409924	0.422078	0.435636	0.451664	0.467283	0.479165	0.484069	0.481827	0.475904	0.469967	0.466874	0.464374	0.462610	0.462419	0.464545	0.468788	0.474670	0.481750	0.489962	0.500520	0.511871	0.522024	0.529710	0.537127	0.542613	0.543765	0.537727	0.522608	0.503785	0.487443	0.478435	0.473075	0.471425	0.474671	0.484338	0.501758	0.523629	0.546103	0.566368	0.587446	0.608118	0.626197	0.639422	0.647236	0.652642	0.658946	0.668941	0.681350	0.695082	0.709390	0.724564	0.744065	0.762987	0.775162	0.774391	0.759693	0.738575	0.719167	0.708904	0.706564	0.706341	0.702552	0.689038	0.663361	0.634930	0.614307	0.611862	0.628459	0.652575	0.671924	0.675564	0.666345	0.651409	0.637342	0.629559	0.624983	0.622301	0.621083	0.621598	0.626185	0.631455	0.633164	0.627629	0.616179	0.600723	0.582852	0.563020	0.537568	0.510920	0.488805																																		
																																	0.383550	0.401329	0.410232	0.415767	0.423283	0.438324	0.462316	0.487814	0.506614	0.510828	0.500376	0.483252	0.467825	0.461116	0.459702	0.461126	0.463862	0.466496	0.469189	0.473141	0.479555	0.490150	0.506863	0.525393	0.540664	0.548475	0.551096	0.549702	0.544827	0.536233	0.521350	0.503843	0.488315	0.478062	0.469243	0.463684	0.464461	0.475240	0.498488	0.527250	0.553515	0.569868	0.577191	0.581724	0.589706	0.607298	0.635108	0.666165	0.693007	0.708612	0.713422	0.713870	0.716530	0.728097	0.749910	0.773490	0.789580	0.789287	0.772526	0.748304	0.726043	0.713966	0.709308	0.707532	0.704747	0.697198	0.684807	0.671432	0.661124	0.657852	0.661918	0.668950	0.674296	0.673891	0.669091	0.662153	0.655019	0.649090	0.642780	0.636802	0.632384	0.631072	0.634144	0.638349	0.639906	0.635677	0.627329	0.615777	0.601470	0.583962	0.560259	0.534799	0.513123	0.500546																																	
																																	0.400934	0.420172	0.424646	0.423501	0.425858	0.440839	0.469762	0.501747	0.525040	0.528414	0.511991	0.486835	0.464455	0.454569	0.452691	0.455084	0.459213	0.462810	0.466420	0.471584	0.479744	0.493091	0.514409	0.537795	0.556239	0.563624	0.562001	0.554752	0.544785	0.533965	0.519135	0.502639	0.487880	0.476997	0.466147	0.458314	0.457788	0.469685	0.497470	0.531406	0.560280	0.573079	0.568899	0.559958	0.559282	0.579730	0.622603	0.673308	0.716220	0.736965	0.737579	0.729722	0.724941	0.734248	0.757459	0.783808	0.802114	0.801767	0.783108	0.756292	0.731812	0.718581	0.712690	0.710437	0.709150	0.706838	0.705450	0.704379	0.702397	0.698250	0.691673	0.684273	0.677808	0.673999	0.672957	0.672813	0.671581	0.667282	0.659661	0.651036	0.643909	0.640755	0.641855	0.644358	0.645206	0.642016	0.636674	0.629047	0.618426	0.603490	0.582057	0.558357	0.537469	0.524216																																	
																																	0.417393	0.438156	0.440206	0.434701	0.432694	0.444868	0.471552	0.501622	0.523374	0.525722	0.509130	0.484065	0.461305	0.449693	0.444121	0.442557	0.444433	0.449449	0.458445	0.470600	0.484805	0.501079	0.523149	0.546026	0.563372	0.569514	0.565836	0.556166	0.544075	0.531982	0.516450	0.499644	0.484866	0.474227	0.464096	0.457204	0.457506	0.469928	0.498370	0.532705	0.561180	0.572067	0.563787	0.550173	0.546140	0.566253	0.611437	0.665893	0.712858	0.737172	0.741956	0.738208	0.736454	0.746730	0.768848	0.793024	0.809104	0.807240	0.787021	0.758844	0.733680	0.720908	0.716625	0.716657	0.717836	0.717950	0.719820	0.721897	0.721708	0.716650	0.705919	0.693190	0.682541	0.677831	0.678884	0.682075	0.683676	0.680218	0.672067	0.662203	0.653628	0.649107	0.648264	0.648834	0.648568	0.645856	0.642570	0.637824	0.630120	0.617648	0.599116	0.578058	0.558551	0.544374																																	
																																0.389219	0.437555	0.460297	0.460578	0.450910	0.443396	0.449075	0.466017	0.485756	0.500049	0.501340	0.490814	0.474446	0.458111	0.445848	0.432207	0.420416	0.415505	0.422600	0.442757	0.469442	0.495514	0.515585	0.534655	0.551445	0.563102	0.566929	0.563050	0.553998	0.542376	0.529676	0.512440	0.493788	0.478024	0.468326	0.461448	0.458540	0.461795	0.474466	0.500511	0.531399	0.557023	0.567331	0.561067	0.549958	0.546622	0.562956	0.598279	0.641603	0.681667	0.708844	0.727125	0.740816	0.753194	0.767785	0.785902	0.802269	0.810978	0.805621	0.783634	0.754845	0.730289	0.719740	0.720451	0.726312	0.731784	0.732389	0.730969	0.728213	0.723974	0.717679	0.707843	0.697019	0.688319	0.684827	0.686890	0.690961	0.693236	0.690219	0.682428	0.672668	0.663709	0.657947	0.654503	0.652152	0.649887	0.647220	0.645795	0.643907	0.639282	0.629723	0.615180	0.597915	0.580307	0.564304	0.548776																																
																																0.403594	0.458004	0.482539	0.481627	0.468496	0.455600	0.453555	0.457832	0.463853	0.468224	0.468256	0.465890	0.461226	0.453776	0.441428	0.418548	0.394761	0.381824	0.391384	0.424736	0.468506	0.508348	0.532353	0.546840	0.555291	0.559421	0.560468	0.557051	0.549772	0.539680	0.526797	0.507757	0.487026	0.470289	0.462208	0.460083	0.462852	0.470227	0.483047	0.505129	0.530545	0.551949	0.562141	0.560573	0.555175	0.554390	0.565520	0.585854	0.611705	0.640045	0.669328	0.704188	0.739992	0.770496	0.790710	0.804051	0.810952	0.810825	0.801615	0.778206	0.749475	0.726242	0.718528	0.725136	0.737641	0.747615	0.747690	0.740299	0.729566	0.719057	0.711572	0.705001	0.699356	0.695296	0.693791	0.696009	0.699422	0.701037	0.698108	0.691063	0.682078	0.673292	0.666391	0.660116	0.654460	0.649799	0.646867	0.646954	0.647606	0.645872	0.639288	0.629102	0.616114	0.600779	0.583001	0.560952																																
																																0.416603	0.473771	0.499118	0.497918	0.483202	0.466957	0.458812	0.452382	0.446552	0.442102	0.440449	0.443891	0.447947	0.447240	0.434949	0.405357	0.372908	0.354417	0.366481	0.410753	0.468432	0.519396	0.546495	0.557051	0.558450	0.556176	0.554687	0.551259	0.545065	0.536071	0.523275	0.503345	0.481725	0.465111	0.459345	0.462465	0.471243	0.482911	0.495866	0.513719	0.533257	0.550030	0.559756	0.562369	0.562239	0.563944	0.570626	0.578015	0.588662	0.606526	0.636844	0.684556	0.737837	0.782848	0.807833	0.817972	0.818112	0.811737	0.800155	0.776417	0.748479	0.726760	0.721238	0.731889	0.748767	0.761503	0.760719	0.748340	0.731177	0.715751	0.707604	0.704305	0.703552	0.703687	0.703643	0.705227	0.707096	0.707298	0.704037	0.697565	0.689343	0.680821	0.672958	0.664285	0.655801	0.649002	0.645582	0.646447	0.648694	0.649017	0.644895	0.638548	0.629538	0.616729	0.598416	0.572482																																
																																0.426088	0.479962	0.504300	0.504208	0.491175	0.475637	0.465721	0.455004	0.443922	0.434888	0.430731	0.433234	0.437191	0.436623	0.424125	0.393932	0.361137	0.343242	0.357687	0.406760	0.469970	0.525242	0.553655	0.562869	0.561592	0.556578	0.553251	0.548021	0.540250	0.530365	0.517756	0.498923	0.479142	0.464984	0.462465	0.470634	0.484741	0.500123	0.513309	0.527735	0.542289	0.554770	0.562962	0.566511	0.568104	0.570653	0.575626	0.578494	0.583827	0.597776	0.627619	0.678106	0.735624	0.784528	0.811502	0.822313	0.822586	0.816437	0.805769	0.783581	0.757305	0.736823	0.731611	0.741688	0.757554	0.769286	0.767841	0.754802	0.737103	0.721494	0.713825	0.711955	0.712889	0.714154	0.713906	0.713961	0.713742	0.712089	0.707924	0.701343	0.693297	0.684751	0.676202	0.666194	0.656170	0.648083	0.643961	0.644353	0.646498	0.647348	0.644714	0.641117	0.635384	0.625527	0.609187	0.584812																																
																															0.380637	0.432824	0.476128	0.497353	0.500358	0.493194	0.483085	0.475631	0.466295	0.455528	0.445179	0.437084	0.431454	0.426173	0.418970	0.405989	0.381465	0.356940	0.346215	0.363506	0.412210	0.473581	0.527024	0.554952	0.564726	0.564119	0.558997	0.553750	0.544145	0.531437	0.518218	0.505845	0.490440	0.475817	0.467137	0.469510	0.483493	0.503234	0.522455	0.536068	0.547256	0.556864	0.564803	0.570608	0.572969	0.574099	0.576705	0.582337	0.587419	0.595169	0.610038	0.637423	0.681210	0.730821	0.774031	0.800700	0.816215	0.823534	0.824102	0.817768	0.799267	0.775770	0.756361	0.749432	0.753911	0.762835	0.769265	0.766902	0.756946	0.744097	0.732890	0.727369	0.726491	0.727604	0.728259	0.726481	0.723546	0.719728	0.714926	0.708987	0.701714	0.693524	0.684909	0.676020	0.665740	0.655409	0.646759	0.641477	0.639638	0.639456	0.639042	0.637232	0.636245	0.634286	0.628809	0.617375	0.599989	0.579083																															
																															0.402302	0.437935	0.467762	0.484988	0.491798	0.492074	0.489204	0.485868	0.480123	0.471880	0.461641	0.449388	0.433421	0.416024	0.400102	0.386783	0.370401	0.357382	0.356157	0.376137	0.421881	0.477900	0.526641	0.553249	0.564466	0.566158	0.562396	0.555732	0.541541	0.523439	0.506607	0.494755	0.483577	0.475105	0.472770	0.480496	0.500465	0.525844	0.548841	0.562833	0.570723	0.575263	0.578446	0.581443	0.581728	0.581497	0.583813	0.590986	0.600887	0.614044	0.631655	0.655669	0.688829	0.725530	0.759086	0.784434	0.806176	0.823240	0.833107	0.832543	0.818736	0.798670	0.780486	0.771247	0.768409	0.768302	0.767868	0.764408	0.758715	0.752431	0.747029	0.744007	0.743661	0.744099	0.743257	0.739311	0.732785	0.724804	0.716385	0.708351	0.700180	0.691745	0.683071	0.673995	0.663877	0.653733	0.644821	0.638236	0.633601	0.630324	0.627898	0.626296	0.627084	0.628202	0.627024	0.621594	0.613838	0.603144																															
																															0.420727	0.442358	0.460730	0.474431	0.484231	0.490515	0.493456	0.493234	0.489904	0.483212	0.472873	0.457695	0.434532	0.408770	0.386990	0.373921	0.364148	0.360162	0.366209	0.387896	0.430490	0.481361	0.525725	0.551195	0.563880	0.568022	0.566185	0.559461	0.543171	0.522462	0.504131	0.493347	0.485497	0.481563	0.483976	0.496067	0.521278	0.551689	0.577988	0.592030	0.596484	0.595936	0.594360	0.594513	0.592780	0.591224	0.593099	0.601255	0.614785	0.632047	0.651605	0.672599	0.696806	0.722716	0.748214	0.772414	0.799235	0.824338	0.842004	0.846534	0.837175	0.820630	0.804121	0.793519	0.785223	0.778164	0.772322	0.767806	0.765055	0.763375	0.761908	0.760194	0.759471	0.758548	0.755808	0.749668	0.740024	0.728597	0.717216	0.707426	0.698514	0.689885	0.681140	0.671812	0.661628	0.651418	0.642136	0.634510	0.627914	0.622454	0.618436	0.616383	0.617097	0.618985	0.620142	0.619768	0.621378	0.621085																															
																															0.431903	0.447613	0.460949	0.472801	0.483421	0.491584	0.495932	0.495232	0.489720	0.480314	0.467902	0.452346	0.430259	0.406294	0.386342	0.374616	0.366220	0.363469	0.370270	0.391829	0.433150	0.482355	0.525528	0.551004	0.564527	0.570103	0.570164	0.565813	0.552831	0.535741	0.520548	0.511643	0.504355	0.500521	0.503479	0.517565	0.546668	0.581267	0.610240	0.623681	0.624165	0.618164	0.611651	0.609107	0.606282	0.604361	0.605872	0.613073	0.625406	0.641356	0.659520	0.678952	0.701039	0.724876	0.749099	0.773514	0.801940	0.829478	0.849853	0.857026	0.850911	0.837661	0.823721	0.814249	0.805750	0.797726	0.790721	0.785312	0.781697	0.779035	0.776389	0.773201	0.770631	0.767691	0.762997	0.755136	0.743813	0.730835	0.718174	0.707543	0.698322	0.689626	0.680717	0.670820	0.659686	0.648423	0.638260	0.630231	0.623838	0.618712	0.614614	0.611350	0.609022	0.607689	0.607380	0.609342	0.617745	0.625782																															
																															0.439320	0.455836	0.469420	0.480761	0.490391	0.496913	0.498705	0.493820	0.480898	0.463700	0.446564	0.432908	0.420201	0.408399	0.398230	0.389235	0.377461	0.368637	0.369947	0.389338	0.430468	0.480511	0.524976	0.551582	0.565853	0.572704	0.575583	0.576935	0.573808	0.567693	0.561046	0.554876	0.544577	0.535282	0.533745	0.547479	0.580041	0.619177	0.651015	0.663039	0.657908	0.644594	0.631648	0.625919	0.622796	0.621579	0.622938	0.627244	0.633556	0.642758	0.656061	0.675039	0.701123	0.730830	0.760090	0.786252	0.813604	0.839080	0.858174	0.866398	0.863161	0.853740	0.843820	0.838201	0.834652	0.831349	0.827067	0.820629	0.812025	0.802447	0.793140	0.785308	0.778981	0.772916	0.765807	0.756389	0.744611	0.731805	0.719380	0.708615	0.699282	0.690405	0.681037	0.670108	0.657062	0.643710	0.632114	0.624264	0.620214	0.617902	0.615162	0.609717	0.600881	0.591845	0.586150	0.588382	0.602628	0.618852																															
																															0.442334	0.462658	0.478892	0.490307	0.498013	0.501259	0.498921	0.488884	0.467587	0.441894	0.420051	0.409618	0.409421	0.413465	0.415850	0.410076	0.393232	0.375700	0.369198	0.385509	0.426520	0.477933	0.524249	0.552173	0.567039	0.575030	0.580977	0.589088	0.597923	0.605194	0.608950	0.606047	0.592107	0.576112	0.568762	0.581148	0.616120	0.658789	0.692745	0.703077	0.692566	0.672416	0.653473	0.644735	0.641416	0.640900	0.641913	0.642767	0.641867	0.643027	0.650715	0.669706	0.701700	0.739655	0.775705	0.803730	0.828596	0.849935	0.865882	0.874194	0.873309	0.867553	0.861917	0.861022	0.864315	0.867912	0.867929	0.860604	0.845797	0.827457	0.809741	0.796204	0.785358	0.775632	0.765842	0.754944	0.743256	0.731397	0.719917	0.709428	0.700218	0.691291	0.681520	0.669542	0.654382	0.638703	0.625580	0.618191	0.617326	0.618753	0.617816	0.609601	0.592572	0.573691	0.560686	0.562021	0.581306	0.605264																															
																															0.439209	0.462873	0.481497	0.492885	0.498542	0.498656	0.492966	0.479710	0.453712	0.423635	0.400093	0.393289	0.403323	0.419860	0.432081	0.428992	0.408435	0.384282	0.371666	0.385219	0.425378	0.476929	0.523863	0.552322	0.567396	0.576157	0.584435	0.597715	0.615642	0.633205	0.645281	0.645824	0.630929	0.611849	0.601512	0.612949	0.648362	0.691785	0.725885	0.734864	0.721502	0.697891	0.675803	0.665117	0.661026	0.660060	0.660064	0.658359	0.652840	0.648993	0.653181	0.672091	0.707738	0.750748	0.790728	0.819197	0.841246	0.858567	0.871379	0.879211	0.879732	0.876521	0.874022	0.876717	0.885373	0.894485	0.898075	0.890381	0.871292	0.846718	0.822858	0.804872	0.790076	0.776889	0.764475	0.752178	0.740486	0.729404	0.718793	0.708738	0.700002	0.691481	0.681796	0.669255	0.652604	0.635206	0.620953	0.614002	0.615824	0.620301	0.620599	0.609484	0.584593	0.556312	0.536197	0.536208	0.559379	0.589705																															
																															0.427336	0.450997	0.469525	0.480087	0.483923	0.482213	0.475810	0.464041	0.441805	0.416576	0.397704	0.394393	0.407487	0.426656	0.440869	0.438933	0.418725	0.394267	0.380838	0.393068	0.430930	0.479830	0.524547	0.551874	0.566536	0.575441	0.584359	0.598717	0.618166	0.637745	0.652381	0.656322	0.646505	0.632767	0.626301	0.638402	0.671017	0.710255	0.741031	0.749628	0.738583	0.718231	0.698581	0.687851	0.681316	0.677060	0.674518	0.672547	0.669080	0.668016	0.674058	0.692374	0.725248	0.764465	0.800763	0.826560	0.846304	0.861646	0.872953	0.879912	0.880242	0.877298	0.875272	0.878474	0.887898	0.897909	0.902328	0.895286	0.876972	0.853002	0.829181	0.810226	0.793246	0.777378	0.762602	0.748936	0.736507	0.725127	0.714563	0.704890	0.697140	0.689862	0.681227	0.669143	0.652451	0.634788	0.620306	0.613529	0.616338	0.621700	0.621706	0.607870	0.577080	0.541970	0.516672	0.515480	0.540985	0.575438																															
																															0.403476	0.425340	0.442404	0.451197	0.451998	0.447907	0.442071	0.436486	0.427663	0.418258	0.412107	0.413304	0.423281	0.436034	0.444866	0.442494	0.425960	0.406490	0.396699	0.408787	0.443138	0.487040	0.527113	0.551790	0.565380	0.573705	0.581531	0.593000	0.606649	0.620286	0.632068	0.639737	0.641612	0.642192	0.646684	0.660623	0.685869	0.714408	0.737307	0.746640	0.744575	0.736148	0.725953	0.717062	0.704905	0.692503	0.684402	0.684510	0.691298	0.702896	0.717818	0.735442	0.758518	0.784002	0.807878	0.827097	0.844394	0.859172	0.869978	0.874980	0.872670	0.866891	0.862108	0.862640	0.868624	0.875558	0.878708	0.873805	0.861780	0.845660	0.828321	0.811889	0.794211	0.776032	0.758783	0.743591	0.729610	0.716842	0.705544	0.696295	0.690225	0.685250	0.678847	0.668406	0.653255	0.636901	0.623209	0.616498	0.618886	0.623230	0.621431	0.604599	0.568864	0.528276	0.498677	0.495856	0.521898	0.558233																															
																															0.374557	0.393638	0.408606	0.415577	0.413699	0.407993	0.403955	0.406490	0.414357	0.424306	0.433325	0.439053	0.443301	0.446015	0.446589	0.443265	0.432007	0.419954	0.415781	0.428136	0.458163	0.495689	0.529748	0.550944	0.563089	0.570496	0.576508	0.583456	0.588351	0.592847	0.599576	0.611027	0.627085	0.645415	0.663614	0.679937	0.696289	0.711875	0.725284	0.735643	0.744590	0.750814	0.752449	0.746465	0.728610	0.707583	0.693753	0.696815	0.715941	0.742540	0.767899	0.784599	0.795820	0.804741	0.813712	0.825198	0.839935	0.854476	0.865002	0.867707	0.862096	0.852636	0.844138	0.840898	0.841833	0.844091	0.845030	0.842631	0.838663	0.832786	0.824105	0.811449	0.793737	0.773582	0.754042	0.737467	0.721868	0.707546	0.695424	0.686727	0.682628	0.680336	0.676582	0.668215	0.655183	0.640706	0.628161	0.621443	0.622814	0.625363	0.621188	0.601382	0.561367	0.516154	0.482802	0.478107	0.503615	0.540468																															
																															0.348798	0.364477	0.377149	0.383213	0.381088	0.376483	0.375839	0.385548	0.406374	0.430906	0.451178	0.460079	0.459405	0.453872	0.447857	0.444199	0.438250	0.433368	0.434469	0.446772	0.472014	0.502660	0.530316	0.547867	0.558506	0.565091	0.569629	0.572826	0.570499	0.567519	0.570246	0.585129	0.613389	0.646948	0.677005	0.695739	0.705250	0.710559	0.716264	0.727030	0.743734	0.760542	0.771097	0.768243	0.748318	0.723360	0.707047	0.712392	0.739082	0.774520	0.805657	0.820936	0.823606	0.820892	0.819345	0.825050	0.837348	0.851032	0.860872	0.861932	0.854481	0.843095	0.832471	0.826550	0.823421	0.821692	0.820489	0.819645	0.821452	0.823022	0.820645	0.810680	0.792821	0.771117	0.749885	0.732440	0.715962	0.700896	0.688565	0.680607	0.678294	0.678291	0.676734	0.670037	0.658613	0.645496	0.633729	0.626918	0.627433	0.628509	0.622365	0.600048	0.556427	0.507296	0.470703	0.464248	0.488987	0.525911																															
																															0.333385	0.345022	0.355402	0.362521	0.365060	0.366782	0.372016	0.385423	0.408763	0.435029	0.456373	0.465603	0.463833	0.456770	0.450029	0.447802	0.446018	0.445913	0.450017	0.461249	0.481301	0.504998	0.526422	0.540588	0.549855	0.556062	0.560413	0.562790	0.558835	0.554476	0.557228	0.574862	0.609338	0.650270	0.686226	0.706979	0.715042	0.717290	0.720137	0.729646	0.745542	0.762128	0.773543	0.773403	0.759083	0.740467	0.728667	0.734245	0.756904	0.786478	0.812449	0.825493	0.828201	0.826442	0.825552	0.830479	0.840656	0.851890	0.859980	0.860993	0.855254	0.846262	0.837571	0.832107	0.828225	0.825192	0.822743	0.821237	0.822767	0.824184	0.821560	0.811015	0.792150	0.769378	0.747426	0.729979	0.714142	0.700090	0.688888	0.682007	0.680990	0.682309	0.681809	0.675647	0.664287	0.650954	0.638870	0.631849	0.632381	0.633332	0.626501	0.602427	0.555626	0.502871	0.463335	0.455599	0.480375	0.518132																															
																														0.320557	0.325959	0.331627	0.339014	0.349543	0.363335	0.378805	0.394263	0.408683	0.424098	0.438823	0.450484	0.456642	0.456733	0.453948	0.451783	0.452961	0.455323	0.459024	0.464888	0.474020	0.487518	0.502811	0.516885	0.527180	0.534835	0.540891	0.546088	0.550090	0.549311	0.548868	0.555194	0.575095	0.610778	0.652493	0.689396	0.712051	0.723742	0.729525	0.733679	0.739677	0.745369	0.750148	0.754037	0.756788	0.757479	0.757588	0.758934	0.763052	0.769224	0.776873	0.785614	0.795384	0.807220	0.819804	0.831441	0.840837	0.849118	0.856078	0.861158	0.863726	0.863450	0.861405	0.858814	0.856751	0.854874	0.852565	0.849284	0.844854	0.840444	0.834673	0.825743	0.811553	0.790802	0.767326	0.745526	0.728949	0.715298	0.704089	0.695513	0.690353	0.690664	0.692922	0.692830	0.686312	0.673523	0.658332	0.644727	0.637299	0.638677	0.640766	0.634316	0.608777	0.558358	0.501332	0.458525	0.450064	0.476513	0.516994																															
																														0.322848	0.322478	0.321989	0.326416	0.341141	0.368058	0.399260	0.425918	0.440141	0.443897	0.442453	0.440707	0.442619	0.445668	0.449255	0.453522	0.458655	0.464819	0.471607	0.478544	0.485261	0.492062	0.498910	0.505674	0.512184	0.518291	0.524363	0.530831	0.537390	0.541581	0.546988	0.558098	0.579850	0.614432	0.653988	0.689654	0.714146	0.731623	0.743824	0.751298	0.753363	0.745872	0.735037	0.728600	0.734267	0.753020	0.775844	0.793036	0.794904	0.780103	0.760117	0.747343	0.753417	0.777519	0.809106	0.837425	0.853162	0.859700	0.861843	0.863572	0.868345	0.874927	0.881506	0.886568	0.889062	0.890358	0.889680	0.885797	0.877510	0.864748	0.848805	0.831050	0.812062	0.789319	0.765605	0.744590	0.729394	0.718661	0.711079	0.705692	0.702340	0.703619	0.706227	0.705927	0.698567	0.683821	0.666277	0.650819	0.642925	0.645325	0.648901	0.643311	0.616924	0.563849	0.503572	0.458217	0.449118	0.476728	0.519109																															
																														0.323444	0.319446	0.314813	0.317302	0.335246	0.371728	0.414305	0.449051	0.463169	0.458528	0.445435	0.434071	0.433057	0.438481	0.446939	0.456068	0.464156	0.473099	0.482081	0.489673	0.494407	0.495938	0.496195	0.497290	0.500924	0.505974	0.512237	0.519844	0.528463	0.536520	0.546446	0.561255	0.584453	0.618147	0.656022	0.690844	0.717084	0.739557	0.757373	0.768136	0.767938	0.751239	0.729335	0.715698	0.723972	0.756675	0.796806	0.825856	0.825517	0.793835	0.751723	0.721599	0.724270	0.757410	0.803314	0.844212	0.864560	0.869457	0.867649	0.866706	0.873337	0.885654	0.899466	0.910973	0.917369	0.921520	0.922411	0.918111	0.906427	0.886182	0.861138	0.835581	0.812575	0.788553	0.765207	0.745387	0.731708	0.723766	0.719485	0.716825	0.714688	0.716015	0.717983	0.716751	0.708409	0.692172	0.672997	0.656295	0.648044	0.650971	0.655462	0.650657	0.624522	0.571477	0.510997	0.465099	0.454940	0.480701	0.520984																															
																														0.317056	0.313710	0.309079	0.311595	0.330142	0.367488	0.411058	0.446886	0.462179	0.458962	0.447327	0.437192	0.436914	0.442567	0.451028	0.460234	0.468812	0.478839	0.488918	0.496960	0.500805	0.499920	0.497175	0.495730	0.498200	0.503168	0.509908	0.518095	0.526988	0.535118	0.545185	0.560450	0.584664	0.619962	0.659747	0.696486	0.724404	0.748458	0.767812	0.780088	0.781363	0.766015	0.745462	0.733332	0.743613	0.779494	0.822734	0.853333	0.851424	0.814608	0.765949	0.730244	0.730419	0.763616	0.810719	0.852652	0.872670	0.876039	0.872483	0.870546	0.877878	0.892634	0.909624	0.923992	0.932137	0.937672	0.939381	0.934897	0.921430	0.897198	0.867368	0.837875	0.813227	0.789375	0.767210	0.748895	0.736594	0.730618	0.728388	0.727120	0.724983	0.724852	0.724725	0.721635	0.712431	0.696046	0.677055	0.660554	0.652165	0.654407	0.658299	0.653703	0.629565	0.581308	0.526088	0.483203	0.471018	0.489100	0.519662																															
																														0.303979	0.305954	0.305540	0.310047	0.326737	0.356478	0.390851	0.420809	0.438369	0.445889	0.448208	0.449653	0.453617	0.457501	0.461378	0.466115	0.472768	0.482118	0.492068	0.500194	0.504072	0.503358	0.500935	0.499915	0.502979	0.509094	0.516957	0.525520	0.533184	0.537903	0.544005	0.556624	0.581315	0.620238	0.664960	0.706018	0.735692	0.758600	0.776305	0.789034	0.795727	0.792018	0.784789	0.782547	0.794353	0.823308	0.856218	0.878369	0.874818	0.842674	0.800734	0.769494	0.767855	0.793297	0.830279	0.863350	0.878905	0.881050	0.877916	0.876739	0.884105	0.898827	0.915902	0.930470	0.939008	0.945407	0.948003	0.943874	0.929612	0.903133	0.870624	0.839179	0.814369	0.791984	0.772065	0.755938	0.745166	0.740768	0.739822	0.738970	0.735704	0.732452	0.728485	0.722303	0.712107	0.696657	0.679406	0.664334	0.655840	0.655925	0.657523	0.652649	0.632887	0.595613	0.552742	0.517506	0.502162	0.505261	0.516478																															
																														0.289109	0.298419	0.304212	0.311732	0.325537	0.344035	0.364790	0.385750	0.405729	0.427418	0.448414	0.465395	0.474972	0.476455	0.474153	0.472770	0.476484	0.484155	0.493126	0.500972	0.505372	0.506345	0.506186	0.507286	0.511838	0.519508	0.528548	0.537237	0.543079	0.543181	0.543896	0.552737	0.577535	0.620455	0.670779	0.716669	0.747960	0.768702	0.783660	0.796572	0.810285	0.822280	0.833068	0.843948	0.856930	0.874627	0.891544	0.901155	0.896241	0.873509	0.844567	0.822532	0.819447	0.833517	0.855092	0.874649	0.883742	0.884701	0.882867	0.883102	0.889993	0.903284	0.918731	0.931983	0.939995	0.946622	0.949769	0.946078	0.931692	0.904418	0.871038	0.839291	0.815398	0.795242	0.778092	0.764439	0.755236	0.752143	0.751993	0.750976	0.745960	0.738719	0.730019	0.720123	0.708879	0.694917	0.680214	0.667253	0.658824	0.656345	0.655135	0.649879	0.635381	0.611297	0.583281	0.557340	0.538471	0.524068	0.512609																															
																														0.277465	0.293232	0.304885	0.315449	0.326792	0.335381	0.344059	0.356864	0.378496	0.411794	0.448274	0.478217	0.492602	0.492433	0.485393	0.479189	0.480392	0.486196	0.493772	0.501022	0.506038	0.509171	0.511861	0.515504	0.521522	0.530216	0.539762	0.548167	0.552463	0.549020	0.545646	0.551591	0.576342	0.622044	0.676349	0.725722	0.758216	0.777344	0.790368	0.803799	0.823622	0.848970	0.875015	0.896981	0.910893	0.918810	0.921963	0.921009	0.915591	0.902316	0.886066	0.872963	0.868541	0.871639	0.878272	0.884632	0.887249	0.886726	0.885730	0.886857	0.892779	0.904114	0.917367	0.928700	0.935480	0.941286	0.943980	0.940242	0.926262	0.899884	0.867793	0.837621	0.815581	0.797904	0.783402	0.771984	0.764180	0.762106	0.762411	0.760949	0.754066	0.742846	0.729498	0.715998	0.703801	0.691405	0.679357	0.668687	0.660690	0.656431	0.653194	0.647822	0.637731	0.624441	0.608509	0.590058	0.568150	0.539169	0.508875																															
																														0.274190	0.292862	0.307858	0.320536	0.331038	0.335382	0.338736	0.347702	0.369382	0.406431	0.448207	0.482796	0.499309	0.499558	0.492017	0.484975	0.485372	0.489754	0.495786	0.502087	0.507473	0.512437	0.517504	0.523077	0.529697	0.537899	0.546429	0.553812	0.557496	0.553565	0.549793	0.555483	0.580162	0.625932	0.680463	0.730248	0.763283	0.782800	0.796494	0.811410	0.834275	0.864993	0.896965	0.923336	0.938029	0.942734	0.941275	0.937124	0.932757	0.925238	0.916006	0.907456	0.901583	0.897367	0.894173	0.891651	0.889307	0.886603	0.884750	0.885176	0.889597	0.899208	0.910699	0.920254	0.925114	0.928349	0.928626	0.923615	0.910495	0.887250	0.859390	0.833278	0.814104	0.798758	0.786197	0.776280	0.769530	0.768210	0.768779	0.766856	0.758380	0.743827	0.726623	0.710196	0.697345	0.686404	0.676794	0.668422	0.661563	0.657477	0.654209	0.649331	0.641185	0.632048	0.620543	0.604536	0.580741	0.544899	0.505975																															
																														0.280425	0.298773	0.314842	0.328655	0.339298	0.343557	0.346632	0.354923	0.375201	0.409640	0.448572	0.481245	0.497943	0.500667	0.496465	0.492084	0.493015	0.495920	0.499758	0.504461	0.510113	0.517235	0.525048	0.532584	0.539057	0.544952	0.550408	0.555424	0.558857	0.556785	0.555581	0.563087	0.587412	0.630587	0.681795	0.729130	0.762099	0.783836	0.800655	0.818191	0.841861	0.871727	0.902289	0.927789	0.943091	0.949496	0.950406	0.948972	0.947697	0.944809	0.940167	0.934169	0.926832	0.916923	0.906068	0.896341	0.889292	0.883427	0.879187	0.877490	0.879711	0.887551	0.897367	0.904837	0.906440	0.904305	0.899114	0.890933	0.879320	0.862549	0.843363	0.825150	0.810590	0.797747	0.786522	0.777401	0.771448	0.770714	0.771400	0.768917	0.758806	0.740866	0.719823	0.700673	0.687667	0.678973	0.672782	0.667767	0.663275	0.661419	0.660034	0.656219	0.647779	0.636731	0.622580	0.604197	0.579134	0.542708	0.503610																															
																														0.289506	0.306544	0.323256	0.338253	0.349671	0.355682	0.360587	0.369432	0.387489	0.416260	0.448470	0.476071	0.491902	0.497853	0.498565	0.498305	0.500320	0.501726	0.503121	0.506009	0.511975	0.521509	0.532372	0.542079	0.548344	0.551501	0.553390	0.555833	0.559480	0.560578	0.563480	0.573874	0.597775	0.637125	0.683319	0.726786	0.759256	0.783822	0.804630	0.825066	0.848355	0.874431	0.900157	0.922281	0.937954	0.948091	0.954321	0.958064	0.960578	0.961507	0.960068	0.955555	0.946830	0.932307	0.915240	0.899504	0.888155	0.878925	0.871783	0.867386	0.866967	0.872605	0.880295	0.885226	0.883083	0.874879	0.863578	0.851965	0.842326	0.833351	0.824500	0.815610	0.806355	0.796158	0.786115	0.777541	0.772186	0.771720	0.772168	0.768871	0.757114	0.736030	0.711491	0.689887	0.676755	0.670084	0.667019	0.665192	0.663258	0.664381	0.665687	0.663215	0.653550	0.638003	0.618241	0.595601	0.569933	0.536327	0.501480																															
																														0.294130	0.311119	0.329887	0.347203	0.359864	0.367497	0.373803	0.382756	0.398382	0.421418	0.446856	0.469246	0.483868	0.492442	0.497395	0.500736	0.503671	0.503741	0.503018	0.504417	0.510856	0.522779	0.536674	0.548746	0.555426	0.556953	0.556575	0.557610	0.562220	0.566931	0.574212	0.587696	0.611402	0.647182	0.688547	0.728164	0.759873	0.786655	0.810695	0.833369	0.855933	0.878170	0.899114	0.917820	0.933564	0.946962	0.957917	0.966139	0.971586	0.975059	0.975532	0.971690	0.961717	0.943714	0.922029	0.901781	0.887075	0.875177	0.865627	0.858779	0.855607	0.858289	0.862947	0.864872	0.859572	0.847115	0.831902	0.818504	0.811061	0.808762	0.808548	0.807476	0.802891	0.795355	0.786775	0.778963	0.774045	0.773339	0.772964	0.768465	0.755177	0.731722	0.704604	0.681026	0.667243	0.661039	0.659115	0.658699	0.658274	0.661734	0.665405	0.664270	0.653738	0.634563	0.610329	0.584550	0.559154	0.529210																																
																														0.287288	0.307822	0.332156	0.354282	0.368661	0.376036	0.380956	0.387941	0.401295	0.420924	0.442650	0.462139	0.475738	0.485148	0.491755	0.496484	0.499531	0.498520	0.496424	0.497066	0.504220	0.518265	0.534921	0.549608	0.558039	0.560580	0.561028	0.563239	0.570002	0.578219	0.589231	0.605378	0.629421	0.663121	0.701370	0.738298	0.769057	0.796308	0.821350	0.844732	0.866935	0.887808	0.907071	0.924475	0.939927	0.953923	0.965895	0.975101	0.981192	0.985410	0.986447	0.982561	0.971481	0.951159	0.926596	0.903636	0.887076	0.874164	0.863772	0.855560	0.849740	0.848150	0.848127	0.846333	0.839454	0.827086	0.813082	0.801586	0.796503	0.797611	0.801300	0.803874	0.802108	0.797097	0.790605	0.784138	0.779478	0.777787	0.775734	0.769486	0.754915	0.730456	0.702324	0.677481	0.661874	0.653007	0.648261	0.645662	0.644428	0.648368	0.653185	0.653235	0.643364	0.624449	0.600474	0.575330	0.551376	0.523910																																
																														0.268946	0.297238	0.331785	0.362290	0.379437	0.385133	0.386151	0.388982	0.399486	0.416428	0.435595	0.452968	0.465209	0.474077	0.480564	0.485171	0.487655	0.485528	0.482351	0.482592	0.490598	0.506584	0.525917	0.543699	0.555441	0.561840	0.566455	0.572789	0.583476	0.596041	0.611150	0.630249	0.655209	0.687688	0.723604	0.758196	0.787505	0.813607	0.837693	0.860369	0.882240	0.903376	0.923080	0.940602	0.955391	0.968022	0.978280	0.985765	0.990407	0.993268	0.993002	0.987880	0.975616	0.954060	0.928365	0.904560	0.887786	0.875854	0.866542	0.858199	0.849521	0.841465	0.834059	0.827038	0.820007	0.812465	0.805476	0.800301	0.798338	0.800241	0.803739	0.806266	0.805659	0.802937	0.798904	0.794091	0.789327	0.785720	0.780963	0.772313	0.756753	0.732953	0.705702	0.680407	0.661392	0.645719	0.632980	0.623642	0.619002	0.621978	0.627382	0.628911	0.620991	0.605217	0.585036	0.563558	0.542549	0.517841																																
																															0.283263	0.329057	0.368716	0.388908	0.392642	0.389237	0.387506	0.395196	0.409920	0.427113	0.442741	0.453455	0.461039	0.466462	0.470195	0.471906	0.468924	0.465141	0.465432	0.474487	0.492360	0.514290	0.535285	0.550885	0.562183	0.572183	0.583685	0.598851	0.615891	0.635030	0.657045	0.683135	0.714857	0.748936	0.781480	0.809179	0.833478	0.855760	0.877030	0.898337	0.919969	0.940493	0.958323	0.972152	0.982715	0.990338	0.995141	0.997411	0.997744	0.995059	0.988043	0.974808	0.953178	0.927943	0.904767	0.888677	0.878308	0.870452	0.862180	0.850634	0.835651	0.820306	0.807857	0.801313	0.800282	0.802278	0.804826	0.806007	0.807365	0.808761	0.809577	0.809431	0.809045	0.807838	0.804984	0.800016	0.794047	0.786059	0.774654	0.758205	0.735736	0.710175	0.684874	0.662062	0.638364	0.616051	0.598517	0.589515	0.590748	0.596192	0.599046	0.593514	0.582087	0.567239	0.550793	0.533493	0.511897																																
																															0.269783	0.323741	0.370090	0.392618	0.395158	0.388811	0.383995	0.389771	0.402976	0.418766	0.433049	0.442398	0.448501	0.452535	0.455214	0.456390	0.453211	0.449628	0.450631	0.461020	0.480841	0.505233	0.529107	0.547993	0.563288	0.577599	0.593219	0.611972	0.632579	0.654921	0.679262	0.706293	0.737509	0.770226	0.801188	0.827568	0.850370	0.871083	0.890956	0.911292	0.932459	0.952664	0.969921	0.982573	0.991464	0.997125	0.999860	1.000000	0.997696	0.992415	0.983553	0.969930	0.949483	0.926143	0.904639	0.889312	0.879512	0.871765	0.862646	0.848527	0.828230	0.806953	0.790482	0.784290	0.788145	0.796884	0.805189	0.808586	0.809191	0.808657	0.808063	0.808623	0.810949	0.813011	0.812502	0.807556	0.799343	0.788170	0.773999	0.756546	0.734959	0.710659	0.685387	0.659761	0.630176	0.600820	0.577163	0.564638	0.563917	0.568669	0.572089	0.568568	0.561252	0.551555	0.539996	0.526297																																	
																																0.314852	0.362443	0.385722	0.388856	0.382962	0.378367	0.384046	0.396835	0.411979	0.425479	0.433905	0.438639	0.441269	0.443033	0.444245	0.441918	0.439721	0.442391	0.454572	0.476614	0.503406	0.529512	0.550151	0.566800	0.582271	0.599048	0.619171	0.641464	0.665456	0.691013	0.718443	0.749240	0.781104	0.811179	0.837022	0.859645	0.880141	0.899346	0.918105	0.936573	0.953698	0.968333	0.979607	0.988298	0.994240	0.997025	0.996258	0.991940	0.984464	0.974241	0.961159	0.943475	0.923626	0.904682	0.889481	0.877655	0.866857	0.854751	0.838575	0.816533	0.793781	0.776249	0.769575	0.773616	0.782925	0.791857	0.795599	0.796178	0.795705	0.795768	0.798206	0.804114	0.810193	0.812668	0.808296	0.798362	0.784396	0.767604	0.748760	0.726556	0.701961	0.676389	0.650191	0.619944	0.589859	0.565376	0.551780	0.549325	0.552386	0.555017	0.552448	0.547861	0.541784	0.533797	0.522947																																	
																																0.299768	0.343571	0.366245	0.371806	0.369746	0.368749	0.376460	0.390570	0.406512	0.420224	0.428049	0.430806	0.431059	0.431240	0.432739	0.432343	0.432945	0.438542	0.453268	0.478165	0.507709	0.535820	0.557072	0.572844	0.586722	0.602031	0.621519	0.643696	0.667799	0.693488	0.720881	0.751500	0.783197	0.813267	0.839564	0.863623	0.885542	0.904958	0.921407	0.934507	0.945231	0.954709	0.964188	0.974229	0.982838	0.987765	0.986865	0.980168	0.969779	0.957888	0.946249	0.933678	0.919999	0.905389	0.889901	0.873137	0.855574	0.837830	0.819872	0.799554	0.779769	0.764194	0.756343	0.756192	0.760259	0.764911	0.767024	0.767803	0.768766	0.771130	0.776702	0.787682	0.799330	0.806029	0.802830	0.791226	0.774176	0.754313	0.733464	0.709233	0.682989	0.656885	0.632168	0.606032	0.580973	0.560444	0.547847	0.543490	0.543561	0.543989	0.541652	0.539225	0.536263	0.531486	0.523380																																	
																																	0.320382	0.341666	0.350407	0.353666	0.357719	0.368259	0.384178	0.401260	0.415440	0.422867	0.423688	0.421559	0.420247	0.422377	0.424561	0.428692	0.437775	0.455235	0.482925	0.514950	0.544591	0.565753	0.579607	0.590688	0.603366	0.621257	0.642382	0.665764	0.690988	0.718119	0.748759	0.780706	0.811175	0.838146	0.863849	0.887330	0.906915	0.920691	0.927606	0.930975	0.934577	0.942118	0.953879	0.965779	0.973473	0.972830	0.963973	0.950869	0.937621	0.928016	0.921560	0.915124	0.905597	0.889825	0.867236	0.841745	0.817617	0.798251	0.781302	0.766497	0.754266	0.745056	0.738982	0.735444	0.733776	0.733366	0.734303	0.737080	0.742188	0.751112	0.767333	0.784724	0.795831	0.794017	0.781019	0.761157	0.738412	0.715517	0.688781	0.660392	0.633758	0.611568	0.591833	0.574517	0.560186	0.549555	0.543215	0.539663	0.537150	0.534553	0.533779	0.533408	0.531380																																		
																																	0.300752	0.320385	0.331924	0.340009	0.348539	0.361219	0.377940	0.395143	0.409146	0.416288	0.416114	0.412893	0.411216	0.414516	0.419470	0.427075	0.439385	0.459089	0.488671	0.522130	0.552444	0.573151	0.585163	0.593728	0.604043	0.620398	0.640418	0.662980	0.687637	0.714471	0.745242	0.777520	0.808235	0.835234	0.861230	0.884757	0.903467	0.914628	0.916604	0.914306	0.913358	0.919162	0.931764	0.945699	0.955253	0.954998	0.945114	0.930788	0.917380	0.910087	0.909106	0.908978	0.903942	0.888258	0.861161	0.829411	0.800295	0.780074	0.766270	0.755925	0.746707	0.736448	0.725384	0.715367	0.708260	0.705597	0.706519	0.710636	0.717806	0.729191	0.749253	0.770880	0.785296	0.784657	0.770919	0.749318	0.724724	0.700414	0.671631	0.641441	0.614494	0.594886	0.581383	0.571534	0.563156	0.554420	0.546225	0.539202	0.533733	0.530522	0.530712	0.532076	0.531939																																		
																																		0.310028	0.323033	0.333795	0.344467	0.357151	0.371999	0.386706	0.398818	0.405741	0.406635	0.405214	0.405612	0.410976	0.418521	0.428812	0.443289	0.464093	0.493847	0.526911	0.556606	0.576711	0.587857	0.595423	0.604831	0.620557	0.640129	0.662367	0.686790	0.713545	0.744715	0.777375	0.807842	0.833344	0.856490	0.876573	0.892062	0.900917	0.901175	0.897495	0.895334	0.899911	0.911177	0.923979	0.932953	0.932989	0.924188	0.911527	0.900165	0.895289	0.897722	0.901180	0.898860	0.883989	0.855702	0.821924	0.791188	0.770912	0.758508	0.750008	0.742062	0.731548	0.718768	0.706442	0.697313	0.693654	0.694243	0.698437	0.705937	0.717822	0.738764	0.761455	0.776847	0.776882	0.763668	0.742452	0.718068	0.693636	0.663970	0.632865	0.605857	0.588022	0.578566	0.573471	0.568787	0.561043	0.551326	0.541656	0.533817	0.529694	0.529910	0.531749																																			
																																		0.309133	0.322749	0.334868	0.345970	0.356426	0.365922	0.374506	0.382324	0.389212	0.394133	0.398634	0.404644	0.413546	0.423739	0.435976	0.451527	0.472262	0.500411	0.531132	0.558689	0.577669	0.588350	0.595775	0.605122	0.620654	0.639975	0.662016	0.686393	0.713541	0.746216	0.780308	0.810687	0.832996	0.849144	0.860943	0.869702	0.876043	0.877798	0.877236	0.877383	0.881150	0.888574	0.896694	0.902414	0.902723	0.897485	0.889891	0.883312	0.881418	0.885710	0.890517	0.889462	0.876149	0.849596	0.817509	0.788225	0.768977	0.757158	0.749011	0.741413	0.731471	0.719538	0.708035	0.699381	0.695562	0.695431	0.698531	0.704732	0.715111	0.733783	0.754184	0.768215	0.768787	0.758213	0.740498	0.719116	0.695924	0.665869	0.633832	0.606445	0.589869	0.583436	0.581875	0.579891	0.572793	0.561901	0.550146	0.540184	0.534619	0.533658	0.534421																																			
																																			0.325709	0.338415	0.349167	0.356739	0.360144	0.361923	0.365030	0.371958	0.381547	0.392851	0.405234	0.418020	0.430974	0.445086	0.461462	0.481647	0.507309	0.534679	0.559316	0.576932	0.587414	0.595201	0.604957	0.620514	0.639684	0.661552	0.685831	0.713251	0.747262	0.782533	0.812454	0.830980	0.839114	0.841563	0.842936	0.846993	0.851494	0.855665	0.859384	0.862576	0.865387	0.867696	0.869334	0.870019	0.869353	0.868148	0.867373	0.868585	0.873928	0.878987	0.878499	0.867107	0.843738	0.815180	0.788844	0.771082	0.759313	0.750626	0.742772	0.733701	0.723784	0.714576	0.707587	0.704016	0.703016	0.704517	0.708703	0.716701	0.731765	0.748430	0.760002	0.760781	0.753217	0.739743	0.722154	0.700808	0.671047	0.638723	0.611363	0.596003	0.592036	0.593236	0.593285	0.586577	0.574633	0.561032	0.549045	0.541761	0.539023																																				
																																			0.326616	0.339467	0.349862	0.355570	0.355249	0.352919	0.353185	0.360075	0.372281	0.387518	0.403806	0.419470	0.435278	0.451880	0.469719	0.489602	0.512841	0.536878	0.558650	0.575073	0.585658	0.594139	0.604567	0.620283	0.639442	0.661163	0.685086	0.711964	0.745553	0.780092	0.808429	0.823792	0.826469	0.822847	0.819508	0.822132	0.828577	0.836019	0.842164	0.844848	0.844189	0.842195	0.840925	0.842194	0.845464	0.849637	0.853734	0.857579	0.863786	0.869045	0.869110	0.859599	0.839444	0.814451	0.790999	0.774447	0.762202	0.752362	0.743736	0.735276	0.727311	0.720449	0.715224	0.711997	0.710248	0.710309	0.712686	0.718619	0.730690	0.744216	0.753525	0.753867	0.747602	0.736333	0.721014	0.701309	0.672929	0.641928	0.615930	0.602142	0.600222	0.603419	0.604792	0.598144	0.585027	0.569569	0.555602	0.546658	0.542250																																				
																																				0.332946	0.343496	0.350020	0.351670	0.351632	0.353488	0.360218	0.370259	0.382716	0.397128	0.413304	0.432107	0.452578	0.473452	0.493964	0.515637	0.537207	0.556885	0.572727	0.583929	0.593509	0.604856	0.620835	0.640111	0.661599	0.684573	0.709280	0.738956	0.769038	0.793780	0.807718	0.811002	0.808896	0.806846	0.809548	0.815202	0.821512	0.826627	0.828708	0.827526	0.825225	0.824109	0.826267	0.831286	0.837628	0.843813	0.849222	0.856590	0.862890	0.864131	0.856247	0.838406	0.815783	0.794029	0.777763	0.764263	0.752539	0.742389	0.733670	0.726549	0.720947	0.716729	0.713675	0.711460	0.710738	0.712289	0.717616	0.729308	0.742409	0.750964	0.749806	0.740795	0.726617	0.709512	0.690390	0.665019	0.638130	0.615951	0.604571	0.604417	0.608829	0.610732	0.603712	0.589038	0.571431	0.555432	0.545159																																					
																																				0.317778	0.328220	0.338422	0.348959	0.359218	0.368387	0.375165	0.377758	0.379859	0.385869	0.399986	0.422136	0.448220	0.473979	0.496004	0.516591	0.536089	0.554159	0.570182	0.583149	0.595025	0.608168	0.624680	0.644024	0.664815	0.685770	0.706162	0.727711	0.748852	0.767427	0.781543	0.791789	0.799274	0.804970	0.809488	0.811728	0.812546	0.813174	0.814524	0.815666	0.816927	0.818932	0.822274	0.826945	0.832362	0.837918	0.843730	0.852187	0.859987	0.862959	0.857054	0.842088	0.822355	0.802391	0.785677	0.769245	0.753571	0.740055	0.729967	0.723062	0.718396	0.715058	0.712123	0.709407	0.708080	0.709418	0.715610	0.729978	0.745903	0.755470	0.751341	0.734365	0.710748	0.686703	0.666858	0.646654	0.627542	0.612422	0.604615	0.605982	0.610720	0.612210	0.604285	0.587559	0.567380	0.549143	0.537691																																					
																																					0.311059	0.325899	0.347281	0.369998	0.387919	0.394558	0.387818	0.376981	0.372369	0.383488	0.409009	0.441198	0.472389	0.496189	0.515882	0.533481	0.550093	0.566419	0.581241	0.595481	0.610473	0.627598	0.647209	0.667454	0.686291	0.701726	0.713632	0.724172	0.735643	0.750600	0.770270	0.790461	0.806425	0.813534	0.811521	0.805370	0.800366	0.801063	0.805705	0.812079	0.818411	0.823147	0.826805	0.830247	0.834221	0.839994	0.849475	0.858850	0.863563	0.859393	0.846846	0.829467	0.810803	0.793301	0.773711	0.753920	0.736885	0.725246	0.718333	0.714400	0.711833	0.709073	0.706083	0.704470	0.705923	0.713293	0.730804	0.749973	0.760662	0.753054	0.726794	0.692172	0.660032	0.639340	0.625214	0.615197	0.608211	0.604224	0.606678	0.611016	0.611432	0.602307	0.583444	0.560725	0.540347																																						
																																						0.318301	0.346945	0.377694	0.400944	0.406738	0.392487	0.371600	0.358862	0.367816	0.396324	0.433693	0.469416	0.494621	0.513424	0.529209	0.544253	0.560286	0.575760	0.591010	0.606857	0.624416	0.644807	0.665421	0.683199	0.694754	0.698537	0.699999	0.705300	0.720825	0.748228	0.778918	0.803430	0.812824	0.807553	0.795952	0.786581	0.786927	0.794533	0.805188	0.815246	0.821502	0.824946	0.827463	0.830717	0.836789	0.847353	0.858095	0.864009	0.860524	0.848434	0.831250	0.812395	0.794125	0.772935	0.751242	0.732634	0.720309	0.713436	0.709925	0.707847	0.705397	0.702729	0.701443	0.703159	0.710805	0.729088	0.748805	0.758922	0.748458	0.716017	0.674441	0.637552	0.617202	0.608601	0.606284	0.606004	0.605028	0.607930	0.611344	0.610364	0.600021	0.579398	0.554686	0.532626																																						
																																							0.349114	0.376812	0.396969	0.400478	0.383852	0.360848	0.346879	0.356216	0.387127	0.427652	0.465832	0.491520	0.509206	0.523051	0.536029	0.550360	0.563872	0.577241	0.591834	0.609420	0.631574	0.654427	0.673460	0.683801	0.683593	0.680184	0.681807	0.696789	0.726632	0.761007	0.788679	0.799126	0.793187	0.780266	0.769917	0.770475	0.779116	0.791271	0.803027	0.811013	0.816518	0.821194	0.826376	0.833952	0.846021	0.857896	0.864049	0.859245	0.843695	0.822353	0.800323	0.781415	0.761925	0.742981	0.726893	0.715746	0.709112	0.705477	0.703390	0.701608	0.700636	0.701044	0.703278	0.708974	0.722278	0.736025	0.741479	0.729681	0.698625	0.659945	0.626389	0.609082	0.604263	0.605823	0.608528	0.608721	0.611062	0.612994	0.610436	0.599085	0.577603	0.552076																																							
																																							0.356751	0.369147	0.376621	0.375576	0.360920	0.343040	0.334324	0.346653	0.380041	0.422589	0.461876	0.487321	0.503460	0.514825	0.524766	0.535541	0.543889	0.551899	0.562744	0.579999	0.605499	0.633222	0.656325	0.667914	0.666831	0.661514	0.661120	0.674659	0.702940	0.735874	0.762688	0.773335	0.768769	0.757765	0.749189	0.750678	0.759281	0.771295	0.783758	0.794267	0.804334	0.814345	0.824244	0.834949	0.849786	0.863402	0.869199	0.860447	0.835759	0.803714	0.773687	0.753489	0.739099	0.728067	0.719059	0.710968	0.704378	0.699618	0.696849	0.696599	0.700135	0.705241	0.709218	0.710174	0.710484	0.708874	0.703290	0.691052	0.669715	0.645219	0.624508	0.613828	0.611781	0.613983	0.616287	0.615753	0.615938	0.615039	0.610088	0.597800	0.576650	0.551958																																							
																																								0.357800	0.349557	0.343530	0.332928	0.323290	0.322462	0.338594	0.373856	0.417204	0.456458	0.481223	0.495888	0.504996	0.511948	0.518719	0.520896	0.522388	0.528619	0.545349	0.574507	0.607761	0.635827	0.649809	0.649710	0.644422	0.643223	0.654975	0.679574	0.708296	0.732075	0.742490	0.740475	0.733204	0.727879	0.730549	0.738292	0.748954	0.761177	0.774140	0.789494	0.805858	0.821292	0.835322	0.852705	0.867573	0.872351	0.858810	0.823609	0.779433	0.740531	0.719322	0.711558	0.710484	0.710346	0.706169	0.699804	0.693758	0.690085	0.691333	0.699495	0.709365	0.714909	0.710412	0.696111	0.677404	0.659850	0.648005	0.639234	0.632493	0.627498	0.624337	0.624265	0.625519	0.625883	0.623831	0.621415	0.617425	0.609970	0.596775	0.576236																																								
																																									0.325661	0.316394	0.309819	0.307449	0.313248	0.332102	0.367729	0.410286	0.448368	0.472256	0.486108	0.494099	0.499322	0.503242	0.500709	0.497125	0.499693	0.515859	0.547485	0.584642	0.616403	0.632613	0.634352	0.630335	0.629329	0.639468	0.659834	0.683517	0.703585	0.713658	0.714645	0.711714	0.709982	0.713542	0.719610	0.727806	0.738579	0.752849	0.772286	0.793743	0.813426	0.829364	0.847268	0.861493	0.864414	0.847294	0.805233	0.753501	0.709523	0.688796	0.687189	0.694713	0.702201	0.701734	0.696283	0.689805	0.685526	0.687153	0.696804	0.707947	0.713124	0.704797	0.681634	0.652948	0.628863	0.618374	0.619055	0.625146	0.631374	0.633551	0.634656	0.634904	0.633615	0.630427	0.626339	0.620380	0.611236	0.597158																																									
																																										0.305304	0.300856	0.301065	0.308664	0.327352	0.360842	0.400483	0.436122	0.459172	0.473566	0.482646	0.488703	0.492475	0.488966	0.484099	0.485572	0.501226	0.532644	0.569875	0.602053	0.619238	0.623055	0.621277	0.621521	0.630695	0.647457	0.666688	0.683455	0.693319	0.697264	0.698417	0.699740	0.703319	0.706573	0.710858	0.718371	0.731668	0.752283	0.775615	0.796394	0.811185	0.825528	0.835471	0.835206	0.817587	0.777203	0.728415	0.687855	0.670487	0.672951	0.684763	0.696005	0.698237	0.695110	0.690195	0.686107	0.685631	0.689728	0.694331	0.694903	0.686680	0.668227	0.646221	0.628064	0.620414	0.621778	0.627488	0.633129	0.635178	0.636071	0.636083	0.634758	0.632024	0.629136	0.624493	0.616040																																										
																																											0.305137	0.303952	0.309068	0.324750	0.353153	0.387139	0.418603	0.440863	0.457623	0.470628	0.480563	0.486949	0.485878	0.483041	0.485567	0.500561	0.528955	0.562401	0.591905	0.609389	0.616720	0.619487	0.622953	0.631741	0.644399	0.658241	0.670903	0.680451	0.688020	0.694032	0.698579	0.701083	0.699253	0.696723	0.697983	0.707693	0.727067	0.749828	0.769049	0.779335	0.784930	0.785572	0.779694	0.764318	0.734387	0.699621	0.671708	0.661339	0.666779	0.679649	0.691737	0.696390	0.697791	0.697015	0.693910	0.687751	0.676542	0.663670	0.653276	0.649325	0.651791	0.656744	0.660090	0.658121	0.651582	0.643187	0.635540	0.630847	0.628106	0.626448	0.625268	0.624858	0.628205	0.631035																																											
																																											0.314602	0.310809	0.312002	0.323579	0.345536	0.372480	0.398786	0.420054	0.439686	0.457545	0.472458	0.482592	0.485527	0.486321	0.490991	0.505352	0.529578	0.557622	0.583121	0.600548	0.611849	0.619956	0.627337	0.635935	0.644316	0.652448	0.660734	0.669937	0.681345	0.692477	0.700355	0.701569	0.694216	0.684243	0.678434	0.683521	0.700290	0.720961	0.737174	0.741638	0.736827	0.726734	0.714769	0.702961	0.687054	0.670695	0.658982	0.656851	0.664468	0.676676	0.688043	0.694668	0.701023	0.705045	0.703225	0.690629	0.661881	0.629081	0.606497	0.608362	0.636617	0.674441	0.703691	0.707912	0.690295	0.663042	0.637913	0.624677	0.618184	0.615532	0.615261	0.617465	0.627255	0.637722																																											
																																												0.316165	0.314790	0.322970	0.338916	0.359032	0.380109	0.399927	0.421413	0.442884	0.461695	0.474990	0.481671	0.486057	0.492987	0.506989	0.527692	0.551062	0.573007	0.590172	0.604514	0.616778	0.627151	0.635379	0.639991	0.643202	0.647771	0.656749	0.671522	0.687192	0.698226	0.698915	0.687860	0.672635	0.661571	0.662747	0.676497	0.694297	0.707150	0.706699	0.693843	0.675741	0.659588	0.651295	0.647485	0.646749	0.648647	0.653251	0.662257	0.673331	0.683522	0.691266	0.700902	0.708209	0.707459	0.690955	0.651105	0.605730	0.575733	0.582152	0.628431	0.688940	0.735890	0.743964	0.717684	0.676336	0.638675	0.620469	0.614172	0.614076	0.616524	0.619895	0.630644																																												
																																													0.315692	0.322747	0.334453	0.349022	0.365299	0.382803	0.403693	0.425570	0.445275	0.459660	0.468311	0.474928	0.483497	0.497724	0.517222	0.538801	0.559255	0.576082	0.591237	0.604615	0.615511	0.622738	0.624541	0.624447	0.626671	0.635646	0.652730	0.671678	0.685565	0.687544	0.676897	0.661427	0.649493	0.649080	0.660101	0.674687	0.684651	0.682183	0.667400	0.647956	0.631804	0.625764	0.627096	0.632634	0.639904	0.647194	0.656757	0.667301	0.676796	0.684328	0.693430	0.700306	0.699916	0.685375	0.649634	0.608977	0.582543	0.589714	0.634066	0.691449	0.735576	0.742219	0.714687	0.672796	0.636219	0.622161	0.624974	0.634984	0.643814	0.645154																																													
																																														0.325160	0.333085	0.341796	0.352393	0.366194	0.384112	0.403611	0.421768	0.435738	0.445379	0.453725	0.463988	0.479285	0.499757	0.522098	0.542820	0.559140	0.572989	0.584575	0.593529	0.598814	0.598080	0.595497	0.596134	0.605180	0.623779	0.645217	0.662137	0.667588	0.661900	0.651585	0.643337	0.643418	0.651295	0.661417	0.668154	0.666093	0.655179	0.640898	0.628990	0.624319	0.624696	0.628176	0.633394	0.639600	0.648702	0.658906	0.667756	0.673427	0.677722	0.680062	0.679295	0.673274	0.658432	0.641672	0.631282	0.635937	0.658141	0.685880	0.705855	0.705035	0.682440	0.652408	0.630196	0.630763	0.655266	0.687202	0.709003																																														
																																															0.332401	0.335999	0.341282	0.351096	0.365001	0.380737	0.396079	0.408860	0.418965	0.428715	0.440563	0.457116	0.479253	0.503195	0.524736	0.540377	0.551954	0.560517	0.566607	0.569872	0.567339	0.563323	0.563235	0.572522	0.592078	0.615265	0.634882	0.644449	0.645393	0.642292	0.639488	0.640854	0.645409	0.650587	0.654016	0.653427	0.648849	0.642512	0.636729	0.633248	0.630456	0.628757	0.629062	0.632588	0.640503	0.650032	0.657925	0.660988	0.658956	0.655376	0.654026	0.658826	0.670795	0.684655	0.694586	0.695282	0.687664	0.675810	0.663697	0.653325	0.638490	0.625464	0.622679	0.640990	0.689910	0.745899																																															
																																																	0.332450	0.339303	0.349525	0.361445	0.373762	0.385168	0.395446	0.406193	0.419140	0.436372	0.459354	0.484046	0.505792	0.520602	0.530115	0.536134	0.540046	0.542210	0.539310	0.535408	0.535752	0.545595	0.565715	0.589821	0.611114	0.623719	0.629834	0.632402	0.633825	0.635994	0.637510	0.638346	0.638901	0.639575	0.640425	0.640974	0.640711	0.638866	0.634486	0.629611	0.626657	0.628094	0.634449	0.642550	0.648924	0.649668	0.642807	0.634877	0.633301	0.646573	0.679431	0.717063	0.742572	0.739614	0.707673	0.663781	0.625865	0.608197	0.600800	0.602705	0.615936	0.647020																																																	
																																																		0.333320	0.341323	0.350368	0.360169	0.370330	0.380439	0.391440	0.404449	0.420995	0.442671	0.465823	0.486153	0.499921	0.508418	0.513664	0.517370	0.520275	0.519290	0.517795	0.520259	0.531248	0.551739	0.575863	0.597201	0.610271	0.617366	0.620910	0.622733	0.624074	0.623170	0.621133	0.619659	0.620299	0.622799	0.625947	0.628557	0.629463	0.628565	0.627162	0.626644	0.628455	0.632984	0.638268	0.642138	0.641728	0.634342	0.626441	0.625585	0.640710	0.677604	0.719614	0.747600	0.742858	0.704158	0.651844	0.607517	0.588963	0.586188	0.594732	0.612980																																																		
																																																			0.342468	0.348615	0.355393	0.363594	0.372255	0.381869	0.393245	0.407558	0.426183	0.446112	0.463790	0.476031	0.483594	0.488653	0.493245	0.498633	0.502457	0.506601	0.513750	0.526937	0.547740	0.571022	0.590945	0.602433	0.607255	0.608128	0.607349	0.606494	0.603418	0.599405	0.596447	0.596209	0.597852	0.600831	0.604831	0.609866	0.617007	0.624812	0.631453	0.635327	0.636958	0.637249	0.636986	0.636181	0.632297	0.628705	0.629691	0.640677	0.666167	0.694735	0.713088	0.708070	0.678248	0.638689	0.605549	0.592495	0.593298	0.602597																																																			
																																																				0.350074	0.353958	0.360296	0.367528	0.375648	0.385125	0.396689	0.411308	0.426960	0.441244	0.451897	0.459056	0.464801	0.471258	0.480081	0.489943	0.500961	0.513658	0.529205	0.549882	0.571479	0.588909	0.597562	0.598336	0.594645	0.589773	0.586151	0.581311	0.576113	0.572205	0.570731	0.570184	0.571429	0.575828	0.585349	0.602280	0.621602	0.637379	0.644166	0.642794	0.637601	0.632859	0.632083	0.633291	0.635610	0.638736	0.643027	0.650720	0.658473	0.662119	0.657250	0.642448	0.624011	0.608940	0.603651	0.607120																																																				
																																																						0.355798	0.363259	0.371656	0.380656	0.390082	0.400441	0.411233	0.421783	0.431311	0.439362	0.447322	0.456776	0.469192	0.484397	0.501154	0.518223	0.535220	0.554898	0.573971	0.588175	0.593408	0.589621	0.580980	0.571849	0.565642	0.559726	0.554197	0.549953	0.547251	0.544019	0.542762	0.546723	0.559946	0.585646	0.615492	0.639814	0.649721	0.646503	0.637330	0.629294	0.628748	0.634179	0.641251	0.645901	0.644328	0.636845	0.626836	0.617737	0.612424	0.609464	0.607892	0.607138																																																						
																																																								0.370003	0.381826	0.390792	0.396991	0.402353	0.408866	0.418155	0.429255	0.441828	0.455817	0.471461	0.489769	0.509157	0.527662	0.544192	0.561438	0.576904	0.587168	0.588681	0.580527	0.567475	0.554784	0.546752	0.540844	0.536141	0.532454	0.528905	0.523095	0.519101	0.521902	0.537315	0.568919	0.606126	0.636798	0.649887	0.647393	0.637698	0.628939	0.628439	0.634565	0.642172	0.646383	0.642488	0.630353	0.614868	0.601175	0.593712	0.590805																																																								
																																																										0.403718	0.404759	0.402629	0.403618	0.413284	0.430025	0.450418	0.471383	0.490703	0.510903	0.530833	0.548522	0.562717	0.575608	0.585528	0.590075	0.586351	0.572320	0.553594	0.536652	0.527069	0.522675	0.520787	0.519267	0.515313	0.506343	0.498601	0.499389	0.516735	0.554177	0.598969	0.636734	0.654684	0.656213	0.649584	0.642385	0.641162	0.643419	0.645937	0.646116	0.641594	0.632819	0.621555	0.609506																																																										
																																																												0.405560	0.401080	0.411677	0.435209	0.464683	0.493453	0.516336	0.537390	0.556388	0.571855	0.582791	0.590617	0.594437	0.592888	0.583749	0.563894	0.539710	0.518814	0.508024	0.505691	0.507196	0.508217	0.503847	0.491451	0.479451	0.477434	0.495510	0.536835	0.587091	0.630378	0.652858	0.659323	0.657222	0.652864	0.651312	0.649177	0.645916	0.641990	0.638289	0.636332																																																												
																																																														0.407833	0.437670	0.475206	0.510655	0.536156	0.556894	0.573818	0.586338	0.594051	0.597517	0.596393	0.590151	0.577183	0.553707	0.526375	0.503275	0.491845	0.490993	0.494738	0.497168	0.491877	0.476333	0.460318	0.454810	0.471046	0.511476	0.561597	0.605528	0.629615	0.639219	0.640847	0.639656	0.639561	0.637047	0.632886	0.628954																																																														
																																																																0.474307	0.513787	0.540207	0.559075	0.572702	0.581821	0.587044	0.588053	0.584661	0.576772	0.563246	0.540495	0.514444	0.492366	0.481069	0.479985	0.483064	0.484163	0.476747	0.458586	0.439188	0.429153	0.439026	0.470132	0.510158	0.545855	0.565743	0.573998	0.576531	0.578239	0.583233	0.589528																																																																
																																																																			0.549018	0.556757	0.560723	0.563405	0.563313	0.559943	0.553225	0.542381	0.524981	0.505042	0.487495	0.477084	0.473872	0.473031	0.469506	0.457977	0.436824	0.413527	0.396384	0.393171	0.403276	0.419739	0.435484	0.443977	0.446072	0.447163																																																																			
																																																																							0.530101	0.528038	0.523970	0.517406	0.507465	0.495814	0.484453	0.475502	0.469642	0.463846	0.454749	0.438864	0.415298	0.388728	0.364307	0.346170	0.331579	0.320049																																																																							
																																																																																																																																																															
																																																																																																																																																															
																																																																																																																																																															
																																																																																																																																																															
																																																																																																																																																															
																																																																																																																																																															
																																																																																																																																																															
																																																																																																																																																															
																																																																																																																																																															
																																																																																																																																																															
																																																																																																																																																															
																																																																																																																																																															
																																																																																																																																																															
																																																																																																																																																															
																																																																																																																																																															
