Intensity (Arbitrary Unity)
Acquisition 	2020/10/14 14:47:42.084
Save 	2020/10/14 21:54:17.685

ASO Size : 40 x 32; ASO Step : 114.077560 um x 114.052567 um
Area Size : 160 x 128; Area Step : 28.519390 um x 28.513142 um
																																																																																																																																																															
																																																																																																																																																															
																																																																																																																																																															
																																																																																																																																																															
																																																																																																																																																															
																																																																																																																																																															
																																																																																																																																																															
																																																																																																																																																															
																																																																																																																																																															
																																																																																																																																																															
																																																																																																																																																															
																																																																															0.295704	0.310990	0.325878	0.337807	0.348362	0.357991	0.366681	0.374677	0.382867	0.389822	0.393781	0.392711	0.385432	0.375551																																																																			
																																																																											0.385847	0.388026	0.393001	0.398576	0.407854	0.418893	0.428722	0.434798	0.438158	0.439962	0.441105	0.442384	0.443602	0.444225	0.443754	0.441747	0.438314	0.433751	0.428330	0.422182	0.414856	0.406822																																																															
																																																																							0.525924	0.512829	0.499439	0.495268	0.494748	0.495788	0.497902	0.501031	0.506573	0.512723	0.517172	0.517846	0.515226	0.510745	0.505748	0.501222	0.496115	0.490844	0.486163	0.483119	0.482827	0.482753	0.479915	0.471303	0.456388	0.438885	0.422829	0.412648	0.410274	0.408703																																																											
																																																																				0.466480	0.517453	0.544312	0.551498	0.548601	0.544278	0.545612	0.548442	0.551233	0.553647	0.555535	0.557494	0.558877	0.558827	0.556539	0.552064	0.546139	0.539516	0.532553	0.524002	0.515168	0.507795	0.503930	0.504879	0.506853	0.505502	0.496572	0.479775	0.459749	0.441421	0.430019	0.427278	0.425657	0.416759	0.391673	0.347435																																																								
																																																																		0.417226	0.454313	0.496694	0.532677	0.551734	0.556176	0.553451	0.550624	0.553822	0.560831	0.568477	0.574121	0.575352	0.572572	0.567657	0.562437	0.558563	0.555671	0.552595	0.548233	0.541266	0.530806	0.519355	0.509793	0.505097	0.506015	0.508572	0.508395	0.501407	0.488005	0.471735	0.456181	0.445147	0.439918	0.434976	0.424173	0.400766	0.361839	0.318024	0.281304																																																						
																																																																0.457628	0.478802	0.494874	0.513485	0.532524	0.547458	0.553715	0.550507	0.543457	0.538673	0.541977	0.553249	0.566827	0.576838	0.577804	0.570236	0.558930	0.548736	0.544083	0.544216	0.545713	0.545228	0.539480	0.528207	0.515039	0.503845	0.498295	0.498267	0.500253	0.500632	0.496277	0.488360	0.478446	0.467808	0.457881	0.449395	0.439942	0.426789	0.406515	0.376375	0.343450	0.315965	0.301220	0.297219																																																				
																																																														0.498809	0.508172	0.531067	0.552863	0.561490	0.563634	0.562450	0.559201	0.554134	0.543963	0.532822	0.526024	0.529126	0.543724	0.562133	0.575851	0.576932	0.566073	0.550291	0.536697	0.531798	0.534531	0.539806	0.542638	0.538352	0.527309	0.513703	0.501798	0.495428	0.493720	0.494005	0.493766	0.491064	0.487532	0.482932	0.476519	0.467654	0.456592	0.443632	0.429013	0.412269	0.391025	0.368913	0.350444	0.339686	0.335767	0.335781	0.336965																																																		
																																																													0.568863	0.552132	0.559088	0.575982	0.590564	0.592408	0.586016	0.575811	0.565037	0.555708	0.544073	0.533120	0.527105	0.530811	0.546651	0.566625	0.581655	0.583263	0.572212	0.555963	0.542070	0.537419	0.540796	0.546934	0.550702	0.547411	0.537837	0.525634	0.514381	0.507176	0.502881	0.499916	0.496976	0.493194	0.489876	0.486149	0.480703	0.472295	0.460969	0.447909	0.434338	0.420951	0.406105	0.391296	0.378584	0.369831	0.364650	0.361696	0.359681	0.358054	0.359161																																																
																																																											0.646804	0.630385	0.615037	0.606900	0.603913	0.602684	0.600300	0.594125	0.584684	0.573914	0.563669	0.555017	0.545518	0.537358	0.533563	0.537714	0.552140	0.570155	0.584073	0.586759	0.579017	0.566909	0.556520	0.553361	0.556343	0.561407	0.564645	0.562660	0.556627	0.548378	0.539461	0.531049	0.522064	0.512772	0.503776	0.495644	0.488342	0.481349	0.474130	0.466219	0.457771	0.449046	0.440268	0.431583	0.422760	0.413960	0.405423	0.397236	0.388913	0.381014	0.374272	0.369769	0.368805	0.368565	0.365714																																														
																																																										0.585876	0.605990	0.635045	0.657371	0.658934	0.643117	0.619442	0.596821	0.582644	0.572978	0.565676	0.559694	0.553903	0.547861	0.543286	0.542108	0.546718	0.558984	0.574025	0.586178	0.590277	0.587207	0.580956	0.575410	0.574027	0.575882	0.578751	0.580595	0.579899	0.578174	0.574920	0.569153	0.559687	0.545678	0.529438	0.513634	0.500353	0.487975	0.476574	0.466717	0.459043	0.453878	0.450149	0.446637	0.442545	0.439146	0.435540	0.430401	0.422246	0.410350	0.397163	0.385463	0.377979	0.374943	0.373316	0.369860	0.361606	0.349019																																												
																																																									0.544220	0.534888	0.578324	0.641561	0.691934	0.700231	0.673615	0.631747	0.592962	0.572687	0.563582	0.560007	0.558306	0.555329	0.552269	0.550686	0.551844	0.557408	0.568931	0.582677	0.594277	0.599852	0.600470	0.598586	0.596438	0.595883	0.595924	0.596033	0.595964	0.595964	0.597692	0.598688	0.595880	0.586167	0.569009	0.548227	0.527973	0.511479	0.496184	0.482271	0.470709	0.462503	0.457915	0.455590	0.454035	0.452448	0.452992	0.453584	0.451395	0.443520	0.429303	0.412522	0.397324	0.387505	0.382473	0.379221	0.374792	0.366604	0.355513	0.342960																																											
																																																								0.615461	0.549969	0.543408	0.591866	0.660660	0.714789	0.722762	0.691612	0.643453	0.599222	0.576590	0.567352	0.564777	0.564339	0.562138	0.559668	0.558837	0.561177	0.568702	0.583274	0.600397	0.614810	0.621902	0.623135	0.621172	0.618344	0.616413	0.613754	0.610772	0.608385	0.607911	0.610845	0.613875	0.613091	0.604673	0.588384	0.568360	0.548988	0.533891	0.521073	0.509573	0.498998	0.488870	0.478857	0.469880	0.463001	0.459740	0.461817	0.465419	0.466048	0.459448	0.445810	0.429136	0.413540	0.402697	0.395669	0.390034	0.383544	0.374275	0.363000	0.350614	0.337812																																										
																																																							0.671586	0.633395	0.606029	0.609666	0.645430	0.691643	0.725345	0.725311	0.694225	0.649732	0.609427	0.588284	0.579822	0.577708	0.577307	0.574348	0.569408	0.565989	0.567568	0.578253	0.600705	0.627268	0.649145	0.658589	0.657944	0.651832	0.644364	0.638600	0.631531	0.624108	0.618241	0.616044	0.618488	0.622165	0.623218	0.618004	0.606695	0.592705	0.579546	0.570624	0.566083	0.562324	0.555548	0.541666	0.519143	0.494115	0.473451	0.463676	0.464585	0.469927	0.473244	0.468916	0.458896	0.446200	0.433381	0.422631	0.413080	0.403696	0.393668	0.382302	0.369879	0.356718	0.343069	0.328817																																									
																																																						0.614557	0.631549	0.656636	0.680656	0.696909	0.712536	0.724715	0.728327	0.717527	0.689093	0.653166	0.621311	0.603525	0.596090	0.593966	0.593024	0.589092	0.581430	0.575196	0.575997	0.590272	0.621674	0.658894	0.689018	0.700614	0.696912	0.685037	0.671443	0.660983	0.649091	0.637001	0.627389	0.622901	0.623818	0.627119	0.629569	0.628244	0.623759	0.618218	0.613629	0.612762	0.618522	0.624266	0.622182	0.603924	0.566546	0.522322	0.484958	0.466801	0.465158	0.471272	0.476829	0.475019	0.469823	0.462742	0.454135	0.444189	0.432368	0.419199	0.405395	0.391518	0.377152	0.362289	0.347050	0.331108	0.312960																																								
																																																					0.549549	0.547636	0.601092	0.676653	0.741441	0.767328	0.765917	0.749864	0.728846	0.709854	0.685067	0.657921	0.634387	0.619732	0.612405	0.609206	0.607269	0.603370	0.595870	0.590177	0.592436	0.609867	0.647052	0.690661	0.725391	0.737612	0.730870	0.714067	0.695412	0.681131	0.665608	0.650104	0.637649	0.631038	0.629907	0.631946	0.634856	0.636719	0.638510	0.640847	0.644082	0.650083	0.664100	0.677265	0.678724	0.656869	0.607566	0.547935	0.497099	0.471997	0.467879	0.474140	0.481157	0.481328	0.480206	0.477990	0.473197	0.464395	0.451536	0.436117	0.419709	0.403493	0.386354	0.368598	0.350887	0.333326	0.314105	0.295532																																							
																																																				0.607286	0.539408	0.538552	0.599942	0.686041	0.759132	0.786603	0.780562	0.757478	0.730852	0.711158	0.689947	0.668010	0.648748	0.634968	0.625132	0.618483	0.614701	0.613087	0.612285	0.614802	0.623667	0.643329	0.679097	0.719443	0.750722	0.760635	0.751845	0.733101	0.712719	0.697056	0.680573	0.664298	0.650990	0.643062	0.639725	0.639617	0.641557	0.644749	0.650338	0.657594	0.665400	0.674537	0.691343	0.706588	0.708711	0.685257	0.631500	0.566196	0.510357	0.482504	0.477106	0.483017	0.490285	0.491134	0.491589	0.491394	0.488448	0.480900	0.469300	0.454766	0.438297	0.420360	0.399277	0.376817	0.355340	0.336495	0.318191	0.301566	0.288446																																						
																																																			0.679204	0.621079	0.579126	0.581470	0.626021	0.687441	0.739925	0.761300	0.760319	0.747485	0.731092	0.717522	0.701400	0.683511	0.666307	0.651071	0.634148	0.619128	0.610873	0.614052	0.628706	0.650111	0.673327	0.695440	0.722694	0.749677	0.768844	0.773053	0.762614	0.744255	0.724901	0.709918	0.694957	0.680451	0.668175	0.659510	0.653354	0.649796	0.649264	0.652505	0.660674	0.671485	0.682203	0.692129	0.707857	0.721295	0.721990	0.698510	0.645999	0.582364	0.527770	0.499958	0.493498	0.497889	0.503824	0.503998	0.503951	0.503602	0.501182	0.495427	0.487811	0.477633	0.463715	0.444266	0.417023	0.386794	0.359285	0.339263	0.324325	0.312908	0.304109	0.297913																																					
																																																		0.659376	0.650433	0.641791	0.638253	0.644744	0.662373	0.684735	0.704811	0.716984	0.725068	0.729594	0.729953	0.725302	0.714737	0.700307	0.684421	0.667528	0.643251	0.619644	0.607055	0.615949	0.648202	0.690848	0.729785	0.753533	0.769071	0.778574	0.782189	0.779321	0.767449	0.750529	0.733459	0.720159	0.707975	0.696525	0.686219	0.677059	0.667715	0.659958	0.656042	0.658439	0.668220	0.681484	0.693837	0.702902	0.714975	0.724039	0.721894	0.699309	0.651564	0.594185	0.544806	0.518938	0.511819	0.514289	0.518235	0.517214	0.515777	0.514299	0.511792	0.508028	0.505485	0.501086	0.490867	0.470215	0.436330	0.397559	0.363461	0.342408	0.331686	0.326542	0.322842	0.317741	0.315074																																				
																																																	0.611606	0.603416	0.624815	0.658124	0.687071	0.697127	0.691938	0.681172	0.673807	0.678336	0.694383	0.713957	0.728830	0.731889	0.725772	0.714076	0.699748	0.683244	0.656440	0.629713	0.616364	0.630157	0.674575	0.731210	0.779794	0.802933	0.807586	0.801868	0.792125	0.783063	0.769961	0.754408	0.739497	0.727884	0.718508	0.710128	0.701770	0.692072	0.679568	0.667576	0.660002	0.660879	0.671187	0.685587	0.698212	0.705073	0.711773	0.714831	0.708908	0.687584	0.646390	0.597705	0.555807	0.533288	0.526405	0.527557	0.529949	0.528093	0.525492	0.522963	0.520297	0.518236	0.520016	0.520580	0.513663	0.492342	0.453458	0.408146	0.368985	0.347160	0.339691	0.339366	0.339565	0.335261	0.330960	0.325681																																			
																																																0.641365	0.589065	0.581423	0.612593	0.659189	0.698585	0.710405	0.699120	0.679146	0.664159	0.666754	0.685169	0.709160	0.728572	0.734584	0.730317	0.720431	0.708839	0.697139	0.677945	0.659507	0.652685	0.669139	0.713169	0.767381	0.812316	0.830956	0.828890	0.815684	0.799621	0.787095	0.772818	0.757446	0.743278	0.732489	0.724989	0.718722	0.711572	0.701081	0.685781	0.670088	0.659051	0.657790	0.667248	0.681049	0.692248	0.695519	0.695413	0.691189	0.680690	0.660620	0.626761	0.588034	0.555029	0.537179	0.532026	0.533414	0.535673	0.534160	0.531606	0.529012	0.526590	0.525555	0.529379	0.532218	0.526919	0.505684	0.465291	0.417833	0.376916	0.354648	0.347848	0.348648	0.349807	0.345745	0.341127	0.335313	0.326215																																		
																																															0.670142	0.621886	0.584865	0.580856	0.606667	0.644778	0.677880	0.690504	0.686497	0.676199	0.669228	0.674515	0.691070	0.711283	0.727514	0.732705	0.727755	0.718524	0.710851	0.709112	0.709123	0.712088	0.720534	0.738234	0.769811	0.805330	0.833015	0.842339	0.835889	0.820744	0.803503	0.789182	0.773295	0.756808	0.742090	0.731559	0.725709	0.721464	0.715463	0.704131	0.686257	0.667031	0.652233	0.647679	0.654303	0.665044	0.672249	0.669384	0.659202	0.644566	0.627628	0.609338	0.585880	0.561392	0.541352	0.530854	0.529363	0.532499	0.535851	0.535764	0.534187	0.532178	0.530246	0.529834	0.534207	0.537569	0.532878	0.512505	0.473433	0.427315	0.387227	0.364715	0.356392	0.355228	0.354921	0.350702	0.346949	0.342593	0.335187	0.322228																																	
																																														0.639434	0.622097	0.603886	0.591832	0.592651	0.606262	0.626058	0.645170	0.657737	0.666228	0.673212	0.680620	0.690518	0.703655	0.716966	0.727026	0.729860	0.723097	0.713874	0.710358	0.720378	0.743936	0.773201	0.800004	0.817861	0.831388	0.840914	0.845378	0.843451	0.834058	0.819962	0.804368	0.789487	0.772358	0.754719	0.739285	0.728918	0.724514	0.722016	0.716916	0.704630	0.684258	0.661583	0.642916	0.634572	0.637480	0.644085	0.646223	0.636267	0.614901	0.588840	0.564880	0.548558	0.536525	0.527710	0.522015	0.519818	0.522738	0.528239	0.533184	0.534915	0.534636	0.533399	0.531938	0.531769	0.535680	0.538438	0.533732	0.514750	0.478862	0.436387	0.398893	0.376440	0.365501	0.360718	0.357574	0.352849	0.350351	0.348222	0.343363	0.332942	0.317423																																
																																													0.607448	0.588662	0.588480	0.596971	0.606686	0.611163	0.612728	0.614741	0.620005	0.631495	0.650217	0.671854	0.691596	0.705532	0.716064	0.723900	0.729046	0.730026	0.721759	0.712495	0.712391	0.732236	0.775665	0.827042	0.868947	0.885959	0.882439	0.867993	0.851319	0.839495	0.828223	0.816155	0.803195	0.788866	0.771842	0.754368	0.739187	0.729292	0.725937	0.724456	0.719604	0.706120	0.683216	0.657202	0.634903	0.623122	0.622769	0.625827	0.623653	0.607662	0.576821	0.541093	0.511189	0.496510	0.494099	0.498497	0.504908	0.509743	0.516450	0.524021	0.530350	0.533600	0.534393	0.533737	0.532497	0.532138	0.534841	0.536233	0.531085	0.513759	0.482104	0.444626	0.410857	0.388911	0.375288	0.366541	0.360137	0.354558	0.352921	0.352588	0.349856	0.341593	0.329225																																
																																												0.663535	0.606676	0.586752	0.593522	0.611835	0.628999	0.633711	0.628923	0.622001	0.619736	0.628609	0.648540	0.673155	0.695822	0.711101	0.722112	0.730135	0.735559	0.737069	0.728887	0.720032	0.721669	0.746063	0.798564	0.859775	0.907825	0.922891	0.908859	0.880371	0.851522	0.834030	0.821761	0.811176	0.800449	0.787812	0.773193	0.758457	0.745569	0.736908	0.734176	0.732725	0.727190	0.712108	0.686375	0.656926	0.631334	0.617102	0.615074	0.616621	0.612486	0.593255	0.557077	0.515834	0.482488	0.468657	0.471581	0.483322	0.496439	0.505108	0.513807	0.522390	0.529338	0.533305	0.534658	0.534255	0.532880	0.531726	0.532308	0.531414	0.525228	0.509608	0.482886	0.451429	0.422388	0.401694	0.386187	0.374149	0.364749	0.357888	0.355960	0.355873	0.353668	0.346145	0.335327	0.321717																															
																																											0.744960	0.691430	0.643722	0.628686	0.636599	0.653574	0.668085	0.669649	0.660208	0.647656	0.639633	0.643074	0.656631	0.675167	0.693731	0.708578	0.723137	0.736582	0.747006	0.751187	0.744338	0.736064	0.737847	0.762308	0.814997	0.875893	0.922417	0.933809	0.913084	0.876981	0.842052	0.822150	0.810393	0.802104	0.794494	0.785210	0.775338	0.765783	0.757163	0.750727	0.748738	0.746929	0.740163	0.722983	0.693571	0.659807	0.630470	0.614160	0.611520	0.613093	0.608813	0.588480	0.550188	0.506679	0.471829	0.458137	0.462867	0.477167	0.492639	0.502642	0.512017	0.520950	0.528160	0.532589	0.534808	0.535114	0.533643	0.530686	0.526788	0.520931	0.511888	0.498143	0.478534	0.456126	0.434471	0.416300	0.399306	0.383833	0.370948	0.362090	0.358701	0.357418	0.354293	0.346227	0.335567	0.322282																															
																																											0.755367	0.724712	0.695293	0.688027	0.694311	0.704700	0.711953	0.709185	0.696578	0.680775	0.668651	0.666065	0.670501	0.679455	0.691079	0.704615	0.723540	0.743976	0.760814	0.768250	0.763156	0.755508	0.756666	0.778995	0.827558	0.883241	0.924555	0.931480	0.905970	0.865441	0.827471	0.806838	0.796448	0.790981	0.787047	0.782054	0.778261	0.775247	0.771886	0.767908	0.766082	0.762986	0.754208	0.734720	0.701779	0.664071	0.631491	0.613660	0.611037	0.613390	0.609899	0.589740	0.551346	0.507630	0.472543	0.458636	0.463116	0.477155	0.492393	0.502228	0.511495	0.520350	0.527479	0.531887	0.534474	0.535036	0.533088	0.528029	0.519386	0.508391	0.496472	0.484828	0.472888	0.460214	0.446523	0.431149	0.412733	0.393754	0.377211	0.366104	0.360866	0.357920	0.353403	0.344370	0.333405	0.320008	0.302868																														
																																										0.745441	0.758080	0.750034	0.738740	0.738714	0.742434	0.745414	0.745261	0.739259	0.725959	0.710009	0.696703	0.690201	0.687382	0.688247	0.693745	0.705740	0.727501	0.752806	0.774164	0.783885	0.780217	0.773187	0.773792	0.793927	0.838238	0.888635	0.924828	0.927659	0.898107	0.854024	0.813739	0.792702	0.783656	0.780827	0.780396	0.779718	0.782274	0.786067	0.787952	0.785803	0.782662	0.776600	0.764675	0.742999	0.707893	0.668152	0.634070	0.615653	0.613380	0.616607	0.614079	0.594670	0.557203	0.514373	0.479787	0.465655	0.469137	0.481809	0.495746	0.504737	0.513524	0.521995	0.528591	0.532096	0.533465	0.532640	0.529272	0.522675	0.511652	0.498485	0.485917	0.476626	0.470769	0.465459	0.457635	0.444130	0.424139	0.401902	0.382089	0.369056	0.362400	0.358301	0.352896	0.343329	0.332501	0.319400	0.302084																														
																																									0.668209	0.727184	0.750865	0.755738	0.754840	0.758594	0.759895	0.757794	0.753462	0.747373	0.737306	0.725748	0.715971	0.710339	0.706200	0.704726	0.707944	0.718596	0.739414	0.764014	0.784898	0.794441	0.791124	0.784597	0.785393	0.805054	0.848551	0.897713	0.932068	0.932087	0.898086	0.849171	0.805186	0.782866	0.774397	0.773461	0.775846	0.778932	0.787584	0.797934	0.804470	0.802750	0.795661	0.783795	0.766891	0.743388	0.708781	0.670638	0.638225	0.620691	0.618961	0.622653	0.620651	0.601998	0.565649	0.523954	0.490120	0.475980	0.478716	0.490252	0.503016	0.511154	0.519475	0.527420	0.532945	0.534192	0.531513	0.526295	0.519881	0.513183	0.504914	0.495877	0.487299	0.480680	0.477132	0.473673	0.466848	0.453011	0.430996	0.406005	0.383818	0.369738	0.362947	0.359233	0.354448	0.345637	0.336291	0.324711	0.308058	0.282335																													
																																									0.639858	0.700589	0.731546	0.745705	0.752120	0.757336	0.754047	0.745449	0.737101	0.733596	0.732415	0.732324	0.732800	0.733098	0.732373	0.732497	0.735678	0.744505	0.760603	0.779216	0.794889	0.801756	0.797636	0.791302	0.792575	0.812576	0.857162	0.907403	0.941763	0.939550	0.900580	0.845790	0.797085	0.772915	0.764562	0.765200	0.770357	0.777692	0.793876	0.812355	0.824262	0.821751	0.807060	0.785051	0.760115	0.734877	0.703907	0.671820	0.645088	0.630488	0.629995	0.634199	0.632678	0.615130	0.580461	0.540433	0.507649	0.493365	0.494755	0.504331	0.515143	0.521982	0.529837	0.537265	0.541239	0.538580	0.528328	0.514943	0.503369	0.498154	0.498641	0.501158	0.502074	0.498603	0.493129	0.485259	0.473855	0.457071	0.432300	0.404864	0.381109	0.366894	0.361471	0.359978	0.357572	0.350924	0.344535	0.335732	0.320357	0.292931																													
																																								0.511393	0.610004	0.669616	0.705257	0.726419	0.738434	0.744203	0.736159	0.721490	0.709998	0.710334	0.719937	0.733572	0.746548	0.754795	0.759751	0.763570	0.768063	0.775063	0.784909	0.795317	0.803798	0.807031	0.801804	0.795721	0.797696	0.818277	0.864337	0.916164	0.951097	0.947258	0.904099	0.844229	0.791408	0.765611	0.757250	0.759135	0.766677	0.777940	0.801363	0.827631	0.844456	0.840466	0.817035	0.783704	0.750008	0.723246	0.697117	0.672723	0.653132	0.642208	0.643117	0.647773	0.646778	0.630797	0.598713	0.561349	0.530340	0.516020	0.515598	0.522461	0.530555	0.535566	0.542587	0.549142	0.551094	0.543743	0.524565	0.501626	0.484112	0.480895	0.492212	0.508876	0.521225	0.521101	0.512269	0.497868	0.480026	0.459503	0.431917	0.402351	0.377444	0.363407	0.359710	0.360849	0.361241	0.357150	0.354116	0.348488	0.334773	0.306032	0.256541																												
																																								0.496671	0.584980	0.640670	0.678018	0.703463	0.719381	0.725915	0.715751	0.698497	0.686407	0.690507	0.708349	0.732171	0.754616	0.769574	0.780265	0.788507	0.795218	0.801093	0.805503	0.808591	0.810700	0.810955	0.805231	0.799903	0.802878	0.823955	0.870757	0.923322	0.958501	0.953886	0.908710	0.846404	0.791653	0.765184	0.756945	0.759612	0.768600	0.782316	0.810361	0.841526	0.861194	0.855535	0.825164	0.783090	0.742703	0.714829	0.692588	0.674326	0.660416	0.652368	0.654141	0.658946	0.658489	0.644554	0.616203	0.582903	0.554818	0.540929	0.538637	0.542427	0.547329	0.550027	0.555463	0.560366	0.559816	0.547976	0.520992	0.489841	0.467150	0.465282	0.485143	0.513162	0.534901	0.537987	0.527432	0.508926	0.486879	0.463861	0.434188	0.402868	0.376855	0.362665	0.359792	0.362395	0.364531	0.362300	0.361855	0.358892	0.347047	0.318542	0.267624																												
																																							0.417978	0.496331	0.569797	0.618219	0.653667	0.680203	0.698396	0.707069	0.700329	0.687209	0.678931	0.685580	0.704859	0.729746	0.753608	0.771141	0.785951	0.798534	0.808311	0.814490	0.816263	0.815499	0.814393	0.813732	0.809000	0.805432	0.809865	0.831110	0.876902	0.928117	0.962440	0.958254	0.914752	0.854627	0.801807	0.776379	0.768608	0.771386	0.780261	0.793763	0.821487	0.852109	0.870897	0.863803	0.831068	0.786419	0.744104	0.715753	0.694419	0.677735	0.665345	0.658033	0.659657	0.664290	0.664573	0.653364	0.630345	0.603082	0.579571	0.566839	0.562719	0.563073	0.564245	0.563993	0.566649	0.568679	0.565075	0.549726	0.518127	0.482396	0.456549	0.454273	0.476448	0.508213	0.533794	0.539810	0.532209	0.516440	0.496380	0.474074	0.443810	0.411158	0.383671	0.368276	0.363899	0.365045	0.366306	0.364213	0.364655	0.363249	0.353630	0.328354	0.282806	0.230584																											
																																							0.458099	0.510545	0.560832	0.596545	0.625588	0.649837	0.668849	0.681336	0.684342	0.683096	0.683954	0.692396	0.706327	0.723060	0.740430	0.757162	0.776006	0.794571	0.809522	0.817611	0.818651	0.816140	0.813785	0.813793	0.811552	0.811005	0.817667	0.838955	0.882166	0.930154	0.962805	0.960676	0.923180	0.870542	0.824045	0.801572	0.794521	0.796477	0.803366	0.813708	0.835818	0.860089	0.873965	0.865477	0.834844	0.793743	0.754290	0.726196	0.702944	0.683511	0.668818	0.660588	0.661721	0.666626	0.668586	0.661430	0.646079	0.627476	0.610499	0.599357	0.592461	0.587720	0.583441	0.578925	0.577344	0.575168	0.567743	0.549281	0.515215	0.477424	0.449690	0.445274	0.464340	0.493409	0.518363	0.527645	0.528022	0.522029	0.510254	0.491948	0.462619	0.429006	0.399506	0.381471	0.372513	0.368465	0.365704	0.362115	0.362350	0.362322	0.356345	0.338422	0.306663	0.269585																											
																																						0.489846	0.508799	0.533202	0.557904	0.578804	0.598763	0.618068	0.636146	0.652559	0.667686	0.681460	0.693695	0.703701	0.709732	0.714805	0.722602	0.737042	0.759466	0.784166	0.804777	0.815419	0.816839	0.813921	0.811534	0.813025	0.813883	0.816775	0.825861	0.847040	0.886877	0.930720	0.961278	0.961912	0.932381	0.889646	0.851479	0.832850	0.826680	0.827437	0.831506	0.837305	0.851302	0.866453	0.873444	0.863437	0.836742	0.801782	0.767252	0.739794	0.713618	0.689801	0.671231	0.661121	0.661002	0.665620	0.669025	0.666185	0.659405	0.650644	0.641247	0.632262	0.622859	0.613097	0.603286	0.594247	0.587766	0.580641	0.568987	0.547809	0.512745	0.474606	0.446000	0.438785	0.452187	0.475380	0.497303	0.509510	0.519384	0.525528	0.524236	0.511146	0.483471	0.449290	0.417877	0.397001	0.382810	0.372672	0.365010	0.359197	0.358259	0.358788	0.356311	0.346913	0.331879	0.313410	0.293414																										
																																						0.551284	0.555370	0.557877	0.561933	0.570028	0.580406	0.592919	0.607946	0.626675	0.651942	0.678777	0.701134	0.712882	0.712877	0.708776	0.708915	0.721303	0.746000	0.774917	0.799599	0.812377	0.814739	0.812370	0.810748	0.813881	0.817508	0.823303	0.834309	0.855133	0.891565	0.931278	0.959645	0.962664	0.940382	0.906739	0.876261	0.861234	0.856037	0.855879	0.857472	0.859066	0.865465	0.872013	0.872391	0.860624	0.836993	0.807098	0.776695	0.749852	0.721599	0.694495	0.672723	0.660350	0.657573	0.660062	0.663240	0.663674	0.664643	0.665207	0.663390	0.657355	0.647289	0.634780	0.621426	0.608912	0.597774	0.585612	0.569761	0.546442	0.511455	0.474179	0.445676	0.436120	0.444046	0.461234	0.479552	0.493441	0.510568	0.526269	0.533349	0.524504	0.498348	0.464032	0.431533	0.409014	0.391694	0.377784	0.366870	0.359030	0.355892	0.355208	0.354140	0.351014	0.349428	0.346259	0.337155																										
																																						0.583788	0.584874	0.579705	0.575052	0.575991	0.577679	0.581497	0.590358	0.607975	0.637505	0.671026	0.699313	0.713495	0.713468	0.708242	0.707252	0.719389	0.744144	0.773305	0.798458	0.811995	0.815476	0.814428	0.814147	0.818583	0.823883	0.831234	0.843045	0.863134	0.896679	0.932957	0.959207	0.963230	0.945145	0.916992	0.891294	0.878712	0.874643	0.874564	0.875158	0.874412	0.876332	0.877590	0.873494	0.859521	0.835569	0.806298	0.776601	0.749938	0.722101	0.695241	0.672886	0.658198	0.650429	0.647415	0.647127	0.648590	0.655122	0.663274	0.668438	0.666664	0.659558	0.648929	0.636170	0.622544	0.607785	0.590986	0.571277	0.546554	0.512453	0.476897	0.449481	0.438967	0.443871	0.457410	0.472959	0.486340	0.505008	0.523200	0.532637	0.525078	0.499485	0.465483	0.433431	0.411946	0.396528	0.384560	0.374683	0.365895	0.359230	0.354311	0.350430	0.348004	0.350790	0.353362	0.348914																										
																																					0.563408	0.590406	0.601292	0.603134	0.601559	0.599952	0.591440	0.581802	0.579159	0.591656	0.620538	0.656000	0.687436	0.705165	0.710848	0.711951	0.715763	0.729101	0.751393	0.776586	0.798533	0.811641	0.816912	0.818604	0.820854	0.826710	0.833028	0.840953	0.852634	0.871466	0.902028	0.934821	0.958539	0.962335	0.946159	0.920925	0.898039	0.887322	0.884973	0.886238	0.887312	0.885684	0.885251	0.883328	0.875927	0.858975	0.831608	0.799051	0.767019	0.740003	0.714628	0.690902	0.669865	0.652052	0.635892	0.622944	0.615314	0.615730	0.626636	0.642045	0.654967	0.659786	0.660204	0.656902	0.649463	0.637287	0.619685	0.598177	0.574558	0.549143	0.517107	0.484569	0.459384	0.448803	0.451881	0.462626	0.475075	0.485456	0.500440	0.514903	0.521468	0.512584	0.486604	0.453275	0.423267	0.405958	0.398443	0.395218	0.391422	0.382746	0.370377	0.357041	0.345225	0.337796	0.336419	0.336006	0.330742	0.314918																									
																																					0.543912	0.586451	0.612252	0.627098	0.633590	0.631793	0.613383	0.589393	0.573870	0.579832	0.605761	0.640662	0.673523	0.694837	0.708187	0.718302	0.729030	0.743927	0.762553	0.781937	0.799115	0.811314	0.818772	0.823944	0.829318	0.836600	0.843461	0.851301	0.862288	0.879666	0.907417	0.936989	0.958241	0.961381	0.946144	0.922675	0.901644	0.892358	0.891676	0.894478	0.896376	0.894340	0.892401	0.888214	0.878104	0.858041	0.826288	0.789191	0.753901	0.726544	0.704627	0.685347	0.666541	0.645473	0.619871	0.595500	0.579068	0.577338	0.591464	0.613144	0.633366	0.645232	0.654702	0.660729	0.660403	0.650659	0.630543	0.604394	0.577028	0.551505	0.522485	0.494029	0.471997	0.461970	0.463830	0.472153	0.481316	0.487554	0.496448	0.504322	0.505641	0.494345	0.467841	0.435648	0.408488	0.396399	0.398568	0.406042	0.409724	0.401363	0.382547	0.359410	0.337869	0.323226	0.314229	0.307244	0.298866	0.286093																									
																																					0.531162	0.586975	0.624508	0.649134	0.661630	0.659959	0.634575	0.600244	0.575280	0.576169	0.599268	0.632949	0.666186	0.689870	0.708993	0.726009	0.741962	0.757741	0.772965	0.787253	0.800323	0.811816	0.821420	0.829910	0.838191	0.846648	0.853630	0.860952	0.871015	0.887118	0.912699	0.939873	0.959372	0.962217	0.948093	0.926399	0.907035	0.898727	0.898853	0.902183	0.904062	0.901190	0.897559	0.891145	0.878621	0.856085	0.821101	0.780819	0.743442	0.716356	0.697931	0.682955	0.666485	0.642974	0.609650	0.575755	0.551780	0.547770	0.563699	0.589556	0.614904	0.632002	0.648604	0.662113	0.667457	0.659413	0.636728	0.606296	0.575689	0.550514	0.525113	0.501423	0.483185	0.474204	0.475223	0.481447	0.487642	0.490098	0.493288	0.494958	0.491396	0.478091	0.451772	0.421312	0.396961	0.388806	0.397738	0.412482	0.421001	0.412266	0.388022	0.356971	0.327666	0.307284	0.292343	0.280309	0.269595	0.259237																									
																																					0.543387	0.605898	0.644503	0.667337	0.677432	0.674534	0.647811	0.611959	0.585609	0.585511	0.607870	0.640996	0.673846	0.697356	0.716734	0.734100	0.750081	0.765097	0.778521	0.790769	0.802464	0.814135	0.825546	0.836481	0.846790	0.855929	0.862549	0.868991	0.878113	0.893520	0.918185	0.944538	0.963776	0.967470	0.955640	0.936688	0.919373	0.911421	0.910534	0.912051	0.911806	0.906801	0.900438	0.891180	0.876385	0.852745	0.817595	0.777796	0.741321	0.715555	0.699633	0.687323	0.672389	0.647969	0.611032	0.572481	0.544614	0.539038	0.555141	0.582132	0.608936	0.627433	0.646170	0.661871	0.668517	0.659815	0.633963	0.599656	0.566517	0.542151	0.521022	0.502905	0.489251	0.481877	0.482257	0.486608	0.490537	0.490875	0.491194	0.489900	0.484246	0.470698	0.446163	0.418298	0.396033	0.388335	0.396620	0.410033	0.416813	0.406028	0.378828	0.344612	0.312837	0.291507	0.276994	0.266131	0.256717	0.247236																									
																																				0.461925	0.577398	0.641493	0.672142	0.683279	0.683989	0.679475	0.657728	0.629556	0.609895	0.612411	0.634893	0.666622	0.697087	0.717424	0.731775	0.743481	0.754767	0.767450	0.780439	0.793373	0.806202	0.819024	0.832323	0.845356	0.857201	0.866547	0.871939	0.876627	0.884448	0.899843	0.925429	0.953275	0.974306	0.980067	0.971395	0.955629	0.940171	0.931434	0.927075	0.923806	0.918906	0.910453	0.900789	0.888715	0.872262	0.848864	0.816177	0.779894	0.746666	0.722793	0.708018	0.696383	0.681753	0.657332	0.619984	0.580686	0.551844	0.545154	0.559941	0.585409	0.610499	0.627102	0.643764	0.657199	0.661380	0.649732	0.619519	0.580963	0.545566	0.522904	0.508029	0.497961	0.491098	0.486570	0.486660	0.489193	0.491207	0.490637	0.490132	0.488226	0.482580	0.470351	0.449462	0.425526	0.405035	0.394477	0.394767	0.398198	0.396445	0.381459	0.352989	0.319420	0.289575	0.271356	0.262854	0.258712	0.253924	0.244092	0.230595																								
																																				0.495485	0.619219	0.682143	0.701107	0.696769	0.685558	0.679423	0.665349	0.648740	0.639200	0.645955	0.669091	0.699267	0.726709	0.742810	0.750161	0.753914	0.758658	0.768306	0.781205	0.795645	0.810345	0.824491	0.839497	0.854291	0.867325	0.876622	0.880492	0.883164	0.889567	0.905095	0.932048	0.961965	0.985313	0.993478	0.988245	0.975848	0.962251	0.952448	0.943971	0.935117	0.924862	0.912539	0.899232	0.884162	0.866191	0.843680	0.814757	0.783556	0.754960	0.733751	0.720280	0.709297	0.695219	0.671817	0.636081	0.598254	0.569941	0.562090	0.574098	0.595821	0.616856	0.629570	0.641973	0.651019	0.651092	0.635742	0.601310	0.559126	0.522121	0.501475	0.493013	0.491122	0.491220	0.489804	0.489930	0.491025	0.491561	0.490594	0.489913	0.488076	0.483034	0.472594	0.455971	0.436404	0.417512	0.402754	0.392108	0.382145	0.369290	0.349573	0.321114	0.290390	0.264736	0.251345	0.250794	0.255119	0.255839	0.244916	0.222676																								
																																				0.526135	0.655236	0.716255	0.724835	0.707130	0.685672	0.678016	0.670328	0.663498	0.662665	0.673367	0.697716	0.727357	0.752935	0.765895	0.767656	0.764881	0.764088	0.770881	0.783041	0.797923	0.813446	0.828226	0.844355	0.860427	0.874336	0.883551	0.886318	0.887507	0.892734	0.907947	0.935082	0.965611	0.990041	1.000000	0.997970	0.989015	0.977662	0.967571	0.956414	0.943636	0.929365	0.913690	0.896487	0.877833	0.857845	0.836140	0.811024	0.785139	0.761755	0.744337	0.734014	0.725817	0.714213	0.693160	0.660107	0.624498	0.596964	0.587464	0.595218	0.611306	0.626661	0.634679	0.642515	0.647232	0.643588	0.625359	0.588428	0.544509	0.507075	0.488015	0.483816	0.487274	0.491939	0.492683	0.493104	0.493534	0.493221	0.491779	0.490349	0.487796	0.482589	0.473325	0.460219	0.444388	0.426930	0.408650	0.388706	0.367416	0.345370	0.322224	0.294871	0.267798	0.246632	0.237567	0.243345	0.254116	0.258768	0.246432	0.216355																								
																																				0.542601	0.674104	0.734175	0.737945	0.713980	0.687483	0.678383	0.672197	0.668307	0.670474	0.683182	0.709437	0.740748	0.767337	0.780250	0.780900	0.776358	0.773570	0.778399	0.788124	0.800510	0.814058	0.827943	0.844268	0.861054	0.875592	0.884890	0.887579	0.888477	0.893029	0.906864	0.931396	0.959111	0.981739	0.992111	0.992815	0.987570	0.979468	0.971027	0.960726	0.948075	0.933029	0.915221	0.893544	0.869842	0.846373	0.824636	0.802349	0.781056	0.763065	0.751269	0.748001	0.747257	0.742063	0.725273	0.695312	0.661425	0.633738	0.621478	0.623010	0.631288	0.639454	0.642718	0.647178	0.649495	0.644326	0.625498	0.589388	0.547000	0.510919	0.492253	0.487745	0.490629	0.494839	0.495646	0.496776	0.497989	0.497902	0.495446	0.491497	0.485956	0.478449	0.468735	0.457208	0.443585	0.427448	0.408090	0.384443	0.358639	0.333223	0.309656	0.284585	0.261019	0.243121	0.235943	0.243131	0.254771	0.259410	0.245619	0.211847																								
																																			0.396991	0.550822	0.681653	0.740908	0.743563	0.718226	0.690189	0.679296	0.670474	0.663977	0.664656	0.678064	0.707296	0.742673	0.773148	0.788859	0.792286	0.789985	0.788044	0.791345	0.796612	0.803332	0.811964	0.823390	0.839128	0.856273	0.871332	0.880807	0.884175	0.885632	0.889715	0.900954	0.919961	0.941390	0.959478	0.969342	0.973188	0.972956	0.970001	0.965663	0.960088	0.951741	0.938973	0.919583	0.891423	0.859559	0.829928	0.807108	0.787290	0.770975	0.759845	0.756754	0.765959	0.778931	0.785473	0.775861	0.750257	0.718170	0.689470	0.672644	0.664344	0.660548	0.658074	0.655197	0.656456	0.657525	0.652507	0.635171	0.603515	0.566441	0.533844	0.514206	0.504083	0.499585	0.497704	0.496554	0.499570	0.504058	0.506160	0.502502	0.494181	0.483109	0.470948	0.459236	0.447782	0.435303	0.420516	0.401940	0.378710	0.353460	0.329204	0.308045	0.287301	0.268445	0.253831	0.246764	0.250835	0.257952	0.258575	0.242896	0.208627	0.168626																							
																																			0.404462	0.554155	0.681455	0.739434	0.742902	0.719041	0.691708	0.679263	0.666271	0.654952	0.652322	0.665926	0.698569	0.738966	0.774485	0.794173	0.801983	0.803597	0.803744	0.805848	0.806119	0.806185	0.808900	0.817190	0.831709	0.848659	0.863879	0.873523	0.878078	0.880740	0.884696	0.892942	0.905284	0.918984	0.931246	0.939839	0.946300	0.950810	0.953089	0.953459	0.953937	0.951512	0.942425	0.922191	0.887775	0.847709	0.811823	0.787911	0.770400	0.758926	0.754807	0.761131	0.784150	0.812441	0.832177	0.830738	0.810278	0.780545	0.751059	0.729410	0.710351	0.693288	0.679195	0.669813	0.667902	0.668041	0.663739	0.648781	0.623193	0.593155	0.565103	0.544121	0.526478	0.512066	0.501905	0.497822	0.502727	0.510913	0.515539	0.510484	0.497245	0.479946	0.462437	0.448088	0.435813	0.423690	0.410042	0.393120	0.372436	0.350390	0.329634	0.312245	0.296635	0.282844	0.271400	0.263720	0.262923	0.263434	0.258485	0.240724	0.207179	0.169165																							
																																			0.411980	0.554293	0.675462	0.731341	0.736276	0.715285	0.690109	0.677100	0.660890	0.645618	0.640277	0.654214	0.689921	0.734728	0.774662	0.797838	0.809440	0.814440	0.816450	0.817723	0.814103	0.808879	0.806746	0.812155	0.824939	0.840869	0.855585	0.865302	0.871374	0.875781	0.880177	0.885943	0.892378	0.899036	0.905665	0.912246	0.919552	0.926571	0.932012	0.935613	0.940714	0.943123	0.937452	0.917519	0.879839	0.835240	0.796079	0.772218	0.756866	0.749215	0.750494	0.764082	0.797541	0.837408	0.867334	0.872755	0.857464	0.830967	0.802031	0.777135	0.749689	0.722000	0.698484	0.683705	0.678812	0.677708	0.673681	0.660784	0.640678	0.617096	0.593426	0.571820	0.548525	0.526393	0.509545	0.502615	0.507955	0.517795	0.523309	0.516545	0.499234	0.477021	0.455265	0.438568	0.425086	0.412676	0.399665	0.384410	0.366781	0.348594	0.331787	0.318052	0.306822	0.297161	0.288263	0.280143	0.275498	0.270717	0.261212	0.241549	0.208172	0.171256																							
																																			0.420485	0.551947	0.664058	0.716535	0.722669	0.705022	0.683092	0.671302	0.655039	0.639364	0.634003	0.648984	0.686735	0.733991	0.776175	0.800951	0.813920	0.819950	0.822413	0.823301	0.818372	0.811289	0.807171	0.810717	0.821231	0.834941	0.848124	0.857738	0.865595	0.872322	0.878020	0.882619	0.885541	0.887628	0.889935	0.893474	0.898242	0.903231	0.907390	0.910698	0.916531	0.920409	0.916624	0.898790	0.863762	0.822120	0.785860	0.764515	0.751355	0.745821	0.749378	0.765606	0.801965	0.844929	0.878112	0.887141	0.876572	0.854704	0.828809	0.803906	0.773298	0.740896	0.712817	0.694927	0.687228	0.683852	0.678672	0.666460	0.649413	0.629830	0.609437	0.588966	0.565261	0.541797	0.523163	0.514308	0.517126	0.524142	0.526980	0.518053	0.498875	0.475015	0.451825	0.433830	0.418955	0.405441	0.392087	0.377747	0.362444	0.347292	0.333449	0.322015	0.312966	0.305233	0.297714	0.290143	0.285248	0.279656	0.269019	0.248009	0.212657	0.173582																							
																																			0.429374	0.543975	0.642140	0.689477	0.697564	0.685355	0.669105	0.660599	0.646851	0.633391	0.629941	0.646526	0.685565	0.733808	0.776694	0.801853	0.814715	0.820409	0.822634	0.823758	0.819741	0.813603	0.809721	0.811971	0.819241	0.829139	0.839504	0.848844	0.859130	0.869227	0.877349	0.881861	0.883027	0.882130	0.880429	0.878816	0.876217	0.873171	0.870568	0.869874	0.873181	0.876234	0.873952	0.860942	0.835398	0.805122	0.778803	0.763182	0.752821	0.748230	0.751593	0.766750	0.799681	0.838574	0.869279	0.879597	0.874182	0.859028	0.838973	0.816992	0.787390	0.754785	0.725727	0.706218	0.695322	0.688285	0.680433	0.667835	0.652366	0.635457	0.618032	0.600420	0.580733	0.561158	0.544557	0.534066	0.531037	0.530530	0.526983	0.515343	0.496576	0.474447	0.452586	0.433911	0.416490	0.399982	0.384621	0.370632	0.358026	0.346563	0.335990	0.326132	0.317216	0.309114	0.301624	0.295442	0.293624	0.291399	0.282857	0.261123	0.222043	0.178031																							
																																			0.438512	0.533857	0.616128	0.657645	0.668000	0.662083	0.652517	0.648190	0.638109	0.628042	0.627354	0.645731	0.685623	0.734077	0.776831	0.801659	0.813505	0.818003	0.819528	0.821196	0.819317	0.815695	0.813332	0.814691	0.818348	0.823739	0.830708	0.839677	0.852596	0.866444	0.877471	0.882486	0.882867	0.879968	0.874783	0.867637	0.856382	0.843558	0.832467	0.826355	0.825495	0.826277	0.824851	0.817500	0.804129	0.788582	0.774895	0.765893	0.757993	0.753148	0.754487	0.766118	0.791844	0.822486	0.847311	0.857293	0.856765	0.848975	0.835993	0.818612	0.792742	0.763044	0.735627	0.715872	0.702156	0.691263	0.680330	0.666928	0.652136	0.636945	0.622057	0.608038	0.594506	0.581405	0.568791	0.556962	0.546753	0.536753	0.525233	0.510600	0.493067	0.473943	0.454530	0.435608	0.415577	0.395790	0.378148	0.364460	0.354693	0.347081	0.339797	0.331189	0.321603	0.312229	0.304203	0.299633	0.302003	0.304560	0.299195	0.276894	0.233400	0.183403																							
																																			0.447938	0.526176	0.594276	0.630532	0.642697	0.642139	0.638363	0.637795	0.631238	0.624529	0.626553	0.646573	0.687138	0.735587	0.777931	0.802036	0.812264	0.814933	0.815305	0.817447	0.818001	0.817378	0.817028	0.817873	0.818312	0.819557	0.823363	0.831942	0.847127	0.864262	0.877930	0.883600	0.883537	0.879252	0.871634	0.860707	0.843646	0.824193	0.807116	0.796620	0.791450	0.789074	0.787230	0.784118	0.781005	0.778001	0.774837	0.770714	0.763775	0.757295	0.755254	0.761939	0.778972	0.799903	0.817511	0.825975	0.829069	0.827582	0.821185	0.808872	0.788273	0.763554	0.739787	0.721272	0.706095	0.692507	0.679267	0.665227	0.650535	0.636142	0.622995	0.612273	0.604896	0.598459	0.590169	0.577501	0.560971	0.542417	0.523598	0.506007	0.488982	0.471914	0.454366	0.435566	0.414290	0.392942	0.374406	0.361447	0.354084	0.349525	0.344855	0.337402	0.327591	0.317527	0.309275	0.305940	0.311381	0.317348	0.314058	0.290840	0.243242	0.187872																							
																																			0.457609	0.524430	0.582920	0.615389	0.628224	0.630599	0.630146	0.631822	0.627548	0.623138	0.627120	0.648480	0.690015	0.739009	0.781344	0.804617	0.812687	0.812811	0.811391	0.813627	0.816328	0.818548	0.820272	0.821023	0.819212	0.817435	0.818883	0.827098	0.843729	0.863035	0.878523	0.884692	0.884017	0.878698	0.870280	0.859457	0.843529	0.825401	0.808928	0.797292	0.788755	0.782452	0.778010	0.775537	0.776622	0.779038	0.779979	0.776515	0.767827	0.757936	0.751287	0.752140	0.760490	0.772084	0.782485	0.788333	0.792692	0.794836	0.793078	0.785538	0.771327	0.753510	0.735558	0.720340	0.706292	0.692630	0.679010	0.664886	0.649525	0.634450	0.621476	0.612805	0.610029	0.608824	0.604193	0.591532	0.571468	0.547770	0.524180	0.503801	0.484972	0.466806	0.448879	0.430520	0.410814	0.391653	0.375289	0.363969	0.357997	0.354720	0.351278	0.345088	0.336690	0.327946	0.320634	0.317637	0.323001	0.328448	0.324110	0.299099	0.248507	0.189767																							
																																			0.467229	0.525534	0.576672	0.605902	0.618451	0.622091	0.623344	0.626299	0.623549	0.620880	0.626588	0.649584	0.693178	0.744045	0.787274	0.809533	0.814107	0.809948	0.805398	0.807525	0.813161	0.819461	0.824423	0.825744	0.822105	0.817567	0.816770	0.824530	0.842119	0.863024	0.880060	0.886954	0.885812	0.880099	0.872790	0.866255	0.858844	0.850387	0.841211	0.831229	0.819064	0.806639	0.796376	0.790863	0.791005	0.793007	0.792633	0.785778	0.772286	0.756469	0.742873	0.735437	0.732723	0.732709	0.733726	0.734708	0.737496	0.740701	0.742311	0.740613	0.736350	0.730244	0.722823	0.714542	0.705233	0.694665	0.682645	0.668396	0.649884	0.630597	0.614796	0.607048	0.609020	0.613921	0.614161	0.602877	0.581478	0.554948	0.528056	0.504482	0.481172	0.458518	0.437857	0.420299	0.405253	0.392398	0.381578	0.372894	0.367205	0.363264	0.359510	0.354630	0.349261	0.343866	0.338735	0.335355	0.337858	0.339249	0.330967	0.303157	0.250150	0.189360																							
																																			0.477236	0.530104	0.576379	0.603238	0.614983	0.618702	0.620483	0.624115	0.622585	0.621454	0.628664	0.652948	0.698156	0.750422	0.794100	0.814976	0.815718	0.806984	0.799084	0.800974	0.809481	0.819879	0.828207	0.830393	0.825503	0.818854	0.816275	0.823599	0.841668	0.863528	0.881664	0.889308	0.887936	0.882349	0.877108	0.876513	0.880319	0.884552	0.885142	0.877996	0.862463	0.843503	0.826493	0.816546	0.813524	0.812499	0.808368	0.796323	0.776643	0.753764	0.732236	0.715615	0.701146	0.688945	0.679971	0.675288	0.675402	0.678573	0.682836	0.686993	0.693404	0.700120	0.704387	0.704001	0.700450	0.693955	0.684292	0.670282	0.648611	0.624878	0.605930	0.598771	0.604922	0.615351	0.620174	0.610591	0.588912	0.560856	0.531688	0.505146	0.476752	0.448738	0.424797	0.408396	0.399284	0.394329	0.390338	0.384688	0.378880	0.373535	0.368845	0.365201	0.363313	0.361842	0.359177	0.354978	0.353382	0.349213	0.335810	0.304895	0.249959	0.187959																							
																																			0.488175	0.539719	0.584565	0.610536	0.621359	0.624243	0.625574	0.629494	0.629205	0.629629	0.637970	0.662338	0.706871	0.757942	0.800069	0.819022	0.816878	0.805099	0.795009	0.796560	0.806658	0.819478	0.829881	0.832767	0.827533	0.820084	0.816768	0.823826	0.841804	0.863732	0.882175	0.890266	0.888899	0.883747	0.880462	0.884719	0.897422	0.911689	0.920069	0.915407	0.897668	0.874053	0.852086	0.838722	0.833082	0.829382	0.821855	0.805125	0.779717	0.750306	0.721611	0.697011	0.672592	0.650194	0.632926	0.623648	0.621928	0.625483	0.632060	0.640569	0.654679	0.670589	0.683214	0.688400	0.688611	0.684716	0.676873	0.664073	0.642342	0.617986	0.598800	0.592694	0.601192	0.614351	0.621333	0.612527	0.590603	0.561612	0.531055	0.502610	0.470805	0.439258	0.413412	0.398506	0.394625	0.396417	0.398270	0.395399	0.389836	0.383658	0.378414	0.375818	0.376657	0.378168	0.377228	0.372023	0.366587	0.357355	0.339381	0.305827	0.249512																								
																																			0.502359	0.558114	0.606148	0.633287	0.643099	0.644001	0.643692	0.647605	0.649068	0.651545	0.660679	0.683017	0.722462	0.767262	0.803967	0.820144	0.817355	0.805950	0.796251	0.797329	0.806362	0.818041	0.827684	0.830655	0.826446	0.820370	0.818129	0.825358	0.842657	0.863590	0.881264	0.889255	0.888194	0.883663	0.881295	0.886843	0.901527	0.917968	0.928092	0.924179	0.906285	0.882057	0.859458	0.845925	0.840795	0.837515	0.829453	0.810426	0.781030	0.746652	0.712736	0.683051	0.652650	0.624358	0.602634	0.591628	0.590927	0.596931	0.606006	0.615958	0.631201	0.648044	0.661292	0.666489	0.665426	0.660171	0.652335	0.642479	0.627232	0.610528	0.597497	0.593647	0.600999	0.611351	0.615528	0.605264	0.582356	0.552674	0.521796	0.493450	0.462091	0.431384	0.406839	0.393848	0.392794	0.397775	0.402511	0.401651	0.397471	0.392289	0.387827	0.385997	0.387689	0.389805	0.388844	0.382558	0.374739	0.362578	0.341989	0.306869	0.249725																								
																																			0.525926	0.592903	0.649701	0.680006	0.687491	0.683572	0.679045	0.682300	0.686631	0.692588	0.702786	0.720656	0.749373	0.781273	0.807388	0.819432	0.818453	0.811340	0.804965	0.805233	0.809812	0.815906	0.821309	0.823705	0.822399	0.820634	0.822004	0.830276	0.846557	0.865605	0.881613	0.889199	0.888983	0.885522	0.883381	0.887167	0.897665	0.909223	0.915700	0.911120	0.895173	0.874248	0.855113	0.844408	0.842676	0.842552	0.836187	0.816162	0.782823	0.743128	0.704230	0.671216	0.638025	0.607651	0.585063	0.575235	0.578899	0.590106	0.602425	0.611063	0.620717	0.629918	0.635707	0.635029	0.627133	0.616075	0.606313	0.601759	0.601176	0.602301	0.603150	0.602682	0.603851	0.603760	0.598486	0.584127	0.560189	0.531234	0.502172	0.476388	0.449344	0.423706	0.403637	0.393309	0.393350	0.398750	0.404090	0.404847	0.403327	0.400978	0.398611	0.397305	0.398097	0.398525	0.395703	0.387841	0.378277	0.364351	0.342269	0.306189	0.248550																								
																																			0.548378	0.630199	0.698875	0.733848	0.739297	0.730209	0.720948	0.723273	0.730292	0.739437	0.750123	0.762430	0.778539	0.795464	0.809421	0.816960	0.818665	0.817208	0.815199	0.814623	0.813712	0.812838	0.812927	0.814598	0.816932	0.820535	0.826319	0.835658	0.850267	0.866486	0.879975	0.886773	0.887558	0.885386	0.883244	0.884011	0.887755	0.891505	0.892140	0.886435	0.873581	0.857882	0.844076	0.837300	0.839591	0.843096	0.838999	0.818841	0.782586	0.738742	0.696196	0.661439	0.627521	0.597218	0.575545	0.567952	0.576659	0.593255	0.608292	0.614064	0.615205	0.613242	0.608357	0.599588	0.583039	0.564866	0.552681	0.554192	0.570824	0.592968	0.610163	0.613566	0.607235	0.594601	0.578014	0.558771	0.533607	0.505577	0.478862	0.456551	0.435492	0.416799	0.402590	0.395154	0.395363	0.399766	0.404498	0.406493	0.407950	0.409003	0.409120	0.408137	0.407235	0.405004	0.399613	0.390126	0.379350	0.364479	0.341731	0.305314	0.247801																								
																																			0.556892	0.653193	0.734001	0.774648	0.780400	0.768902	0.756966	0.758600	0.766594	0.776553	0.786085	0.793233	0.799145	0.804247	0.808633	0.812470	0.816024	0.818772	0.820090	0.819008	0.814253	0.808492	0.804897	0.806239	0.811601	0.819436	0.828406	0.837821	0.849698	0.862039	0.872145	0.877614	0.879084	0.878107	0.876110	0.874320	0.872266	0.869349	0.865089	0.858702	0.849075	0.838476	0.829608	0.825960	0.830613	0.835970	0.833170	0.813628	0.777018	0.732360	0.689161	0.654419	0.620891	0.591237	0.570437	0.564192	0.575688	0.594975	0.610706	0.613265	0.606982	0.595698	0.582106	0.566960	0.543997	0.520814	0.507244	0.513729	0.543760	0.582240	0.612356	0.619475	0.608677	0.587821	0.563563	0.540691	0.513739	0.485208	0.459367	0.439678	0.423978	0.411689	0.402867	0.397910	0.397998	0.401160	0.404978	0.407730	0.411441	0.415135	0.417170	0.416344	0.413914	0.409408	0.401947	0.391379	0.380065	0.365009	0.342368	0.306391																									
																																			0.538118	0.645600	0.736886	0.784289	0.795093	0.787273	0.777365	0.778974	0.784402	0.790308	0.795550	0.799095	0.801162	0.802491	0.803790	0.805790	0.808684	0.811483	0.813097	0.812195	0.807798	0.802542	0.799474	0.801392	0.807878	0.816691	0.825623	0.833020	0.840480	0.847525	0.853172	0.856584	0.858123	0.858142	0.856900	0.854521	0.850585	0.845528	0.839929	0.834073	0.827020	0.819740	0.813529	0.810495	0.813605	0.816796	0.812837	0.794714	0.762137	0.722507	0.683634	0.651101	0.618390	0.588609	0.566986	0.559343	0.568470	0.584825	0.597602	0.597561	0.588537	0.574657	0.559058	0.542837	0.519433	0.496498	0.484011	0.492675	0.526385	0.569246	0.603482	0.613765	0.605944	0.587548	0.564655	0.541298	0.511340	0.478930	0.450264	0.430597	0.417593	0.409111	0.403629	0.400165	0.400354	0.402997	0.406347	0.409265	0.413598	0.418022	0.420593	0.419802	0.416859	0.411660	0.403730	0.393238	0.382338	0.367989	0.346362	0.311895																									
																																			0.488416	0.606807	0.709771	0.766916	0.789070	0.792188	0.789621	0.791667	0.789761	0.785025	0.781238	0.781767	0.785740	0.790953	0.795369	0.797166	0.796790	0.795469	0.794346	0.794272	0.794406	0.795019	0.796646	0.799989	0.805685	0.812183	0.817672	0.820517	0.821063	0.820485	0.819905	0.820389	0.821895	0.823413	0.823902	0.822403	0.819056	0.814633	0.809895	0.805461	0.800956	0.796260	0.791368	0.786787	0.784292	0.781009	0.773399	0.758090	0.735140	0.707844	0.679624	0.652429	0.621696	0.591560	0.567725	0.555951	0.557232	0.564484	0.570006	0.567299	0.559376	0.548719	0.537004	0.524401	0.505988	0.488158	0.479078	0.487368	0.515737	0.551954	0.582430	0.596076	0.599506	0.594990	0.582885	0.561941	0.526710	0.485705	0.449466	0.427008	0.414600	0.408202	0.404734	0.401920	0.402086	0.404407	0.407314	0.409773	0.413398	0.417071	0.419135	0.418304	0.415602	0.410949	0.403952	0.394860	0.385826	0.373730	0.354657	0.323261																									
																																			0.425990	0.553917	0.667861	0.735119	0.770445	0.786871	0.793500	0.796289	0.785745	0.768569	0.754644	0.752883	0.761375	0.773755	0.783967	0.786442	0.781995	0.775108	0.770209	0.771314	0.777635	0.786206	0.794174	0.799357	0.803654	0.806714	0.807593	0.805041	0.797883	0.788936	0.781497	0.778559	0.779546	0.782233	0.784477	0.784486	0.783168	0.781104	0.778624	0.776164	0.774131	0.771546	0.767266	0.760221	0.750512	0.739073	0.726854	0.714909	0.703745	0.691631	0.676611	0.656200	0.628316	0.598220	0.572030	0.555232	0.546522	0.542153	0.538615	0.533122	0.527668	0.522379	0.516786	0.509717	0.498715	0.488227	0.483642	0.490387	0.509364	0.533943	0.556929	0.573531	0.590969	0.604408	0.606604	0.589411	0.548694	0.498113	0.453178	0.427150	0.414524	0.409379	0.407209	0.404586	0.404556	0.406485	0.408783	0.410314	0.412406	0.414424	0.415303	0.414249	0.412041	0.408435	0.402936	0.395731	0.389071	0.379769	0.363812	0.336101																									
																																				0.504960	0.626338	0.700771	0.745955	0.772596	0.786484	0.790222	0.773723	0.747832	0.726935	0.724055	0.736580	0.754969	0.770061	0.773381	0.765979	0.754930	0.747298	0.749633	0.761178	0.776392	0.789725	0.796727	0.800383	0.801161	0.798646	0.791750	0.778129	0.761996	0.748459	0.742041	0.741463	0.743908	0.746829	0.748248	0.749760	0.751216	0.751972	0.751780	0.751904	0.750907	0.746904	0.737667	0.721745	0.703301	0.687121	0.678032	0.676863	0.677681	0.674047	0.659825	0.635141	0.605963	0.578476	0.557684	0.540407	0.525881	0.514275	0.506029	0.502091	0.500757	0.499956	0.497624	0.493475	0.489955	0.489704	0.495097	0.505612	0.519569	0.535377	0.553673	0.581869	0.609445	0.623169	0.609512	0.565562	0.508731	0.458074	0.429883	0.417397	0.413340	0.412173	0.409632	0.409285	0.410639	0.412092	0.412400	0.412569	0.412501	0.411791	0.410209	0.408304	0.405573	0.401324	0.395573	0.390656	0.383442	0.369951																										
																																				0.475970	0.599088	0.674691	0.721181	0.749231	0.764383	0.769010	0.753049	0.727544	0.707081	0.704872	0.718299	0.737641	0.753552	0.757344	0.749933	0.738786	0.731414	0.734809	0.748262	0.765727	0.781109	0.789611	0.794807	0.796730	0.794323	0.785819	0.768622	0.747961	0.730079	0.720298	0.716354	0.715944	0.717354	0.719519	0.724421	0.730482	0.735453	0.737796	0.739636	0.739678	0.735920	0.725750	0.706788	0.684820	0.666609	0.658868	0.662393	0.669410	0.671565	0.661262	0.639899	0.613209	0.586742	0.564716	0.543338	0.523449	0.507079	0.496175	0.490740	0.488824	0.488388	0.487671	0.487327	0.488246	0.491158	0.496560	0.503760	0.513183	0.525484	0.543309	0.573587	0.604433	0.621341	0.609711	0.567159	0.511463	0.461902	0.435004	0.424085	0.421529	0.421424	0.419175	0.418458	0.418967	0.419263	0.418159	0.416301	0.414016	0.411443	0.408838	0.406603	0.403948	0.399922	0.394288	0.389341	0.382258	0.369398																										
																																				0.462672	0.583842	0.654958	0.693132	0.712130	0.721108	0.725990	0.717011	0.701267	0.689138	0.690073	0.702362	0.718837	0.732535	0.736914	0.732416	0.724995	0.720729	0.725238	0.737812	0.753778	0.768479	0.778571	0.787895	0.794674	0.795884	0.788040	0.769131	0.745323	0.723667	0.709807	0.699939	0.693491	0.691024	0.693728	0.703836	0.717182	0.728736	0.734629	0.738107	0.738711	0.734974	0.724616	0.704643	0.681327	0.662122	0.654278	0.658148	0.666011	0.669702	0.662006	0.645025	0.623171	0.600407	0.579546	0.557211	0.535092	0.515977	0.502242	0.492855	0.486817	0.483398	0.482128	0.483794	0.487817	0.493352	0.499629	0.506779	0.515399	0.526070	0.540997	0.565825	0.590824	0.604120	0.593673	0.557214	0.509809	0.467873	0.445556	0.437444	0.436606	0.437459	0.435642	0.434553	0.434022	0.432840	0.429914	0.425484	0.420322	0.415164	0.410804	0.407549	0.404195	0.399391	0.392460	0.385516	0.376418	0.362286																										
																																				0.454732	0.569739	0.633314	0.660214	0.667619	0.668967	0.674502	0.675204	0.672856	0.672062	0.677083	0.687386	0.699422	0.709649	0.714619	0.714159	0.711947	0.711879	0.717479	0.728034	0.740971	0.753820	0.765345	0.779420	0.792116	0.798157	0.792183	0.773142	0.747797	0.723521	0.705802	0.689217	0.675509	0.668147	0.671139	0.686837	0.708096	0.726749	0.736236	0.740915	0.741535	0.737549	0.727445	0.707845	0.684766	0.665514	0.657037	0.659144	0.665143	0.668109	0.662106	0.649544	0.633146	0.615020	0.596473	0.575048	0.552715	0.532277	0.515832	0.501355	0.489448	0.481358	0.478419	0.481119	0.487473	0.495261	0.502773	0.511429	0.521046	0.530999	0.541852	0.557599	0.572350	0.578745	0.569046	0.540910	0.505198	0.473957	0.457686	0.452800	0.453580	0.455149	0.453681	0.452082	0.450303	0.447408	0.442440	0.435195	0.426901	0.418904	0.412561	0.408114	0.403883	0.398043	0.389408	0.379902	0.368146																											
																																					0.546135	0.601731	0.621674	0.623715	0.622657	0.630491	0.639685	0.648292	0.656570	0.664818	0.673196	0.681193	0.688226	0.693525	0.696362	0.698477	0.701911	0.708430	0.717390	0.727883	0.739158	0.751578	0.768853	0.785672	0.795366	0.791500	0.773931	0.749284	0.724514	0.704382	0.682362	0.662394	0.650578	0.653422	0.673212	0.700392	0.724295	0.736183	0.741148	0.741139	0.736640	0.727078	0.708907	0.687428	0.669252	0.660564	0.660849	0.664609	0.666262	0.661160	0.651697	0.639329	0.624849	0.608572	0.588992	0.567801	0.547225	0.528583	0.509081	0.491125	0.478078	0.473165	0.476398	0.484535	0.494191	0.502914	0.513423	0.524544	0.534226	0.541218	0.547971	0.552468	0.551858	0.542692	0.522518	0.498055	0.477061	0.466445	0.464403	0.466433	0.468383	0.466968	0.464564	0.461289	0.456546	0.449574	0.439724	0.428621	0.418160	0.410210	0.404956	0.400281	0.393919	0.384245	0.373128	0.359701																											
																																					0.501339	0.550521	0.574889	0.586592	0.595214	0.608525	0.621677	0.633364	0.643702	0.652699	0.660007	0.666082	0.671505	0.676525	0.680088	0.683350	0.687844	0.694908	0.704108	0.714683	0.725975	0.738333	0.755123	0.771507	0.781413	0.779122	0.764976	0.744237	0.722293	0.702390	0.677960	0.654513	0.639802	0.641828	0.662550	0.691354	0.716566	0.728486	0.732212	0.730646	0.725268	0.716479	0.700806	0.682478	0.666967	0.659434	0.659595	0.662668	0.663745	0.658724	0.649663	0.637921	0.624289	0.609259	0.591913	0.572983	0.553512	0.533580	0.510028	0.486989	0.469731	0.463174	0.466859	0.476480	0.487680	0.497359	0.509202	0.521397	0.530931	0.535321	0.535946	0.533450	0.528088	0.519370	0.504798	0.488191	0.474297	0.467509	0.467302	0.469982	0.471856	0.469945	0.466159	0.460931	0.454128	0.445302	0.433357	0.420203	0.408168	0.399517	0.394379	0.390317	0.384750	0.375827	0.365681																												
																																					0.430242	0.472855	0.513339	0.551086	0.583039	0.606154	0.620043	0.628267	0.634660	0.642299	0.649127	0.654810	0.659625	0.663463	0.665036	0.666172	0.669167	0.676200	0.687184	0.700057	0.712697	0.723865	0.736296	0.747582	0.754379	0.753655	0.746007	0.733671	0.718798	0.701823	0.677168	0.651835	0.634831	0.635163	0.654126	0.680986	0.704146	0.713767	0.714219	0.709514	0.702512	0.695053	0.684061	0.671796	0.661558	0.656673	0.657708	0.660580	0.660854	0.654611	0.642981	0.628375	0.612969	0.598717	0.585182	0.570992	0.554847	0.534595	0.507132	0.478749	0.456953	0.448602	0.452544	0.463458	0.476141	0.486977	0.500654	0.514537	0.524453	0.526526	0.521190	0.511742	0.501486	0.492830	0.483166	0.473565	0.465934	0.462312	0.463406	0.466235	0.467471	0.464319	0.458139	0.449912	0.440252	0.429259	0.415269	0.400400	0.387368	0.378787	0.374696	0.372429	0.369192	0.363146	0.357160																												
																																						0.387526	0.448339	0.517907	0.577895	0.612077	0.625075	0.626952	0.626802	0.632100	0.638597	0.644482	0.649162	0.651654	0.650546	0.648702	0.649542	0.656440	0.669728	0.685588	0.699940	0.709437	0.716023	0.720452	0.722920	0.723828	0.723906	0.721780	0.715795	0.703176	0.679857	0.654034	0.635497	0.633767	0.649318	0.671997	0.691065	0.697181	0.693612	0.685343	0.676580	0.670630	0.665002	0.659712	0.655530	0.653670	0.655754	0.658405	0.657611	0.649513	0.634086	0.615221	0.596989	0.583286	0.574102	0.565554	0.553593	0.533513	0.502484	0.468985	0.442723	0.432433	0.436169	0.447791	0.461484	0.473302	0.488820	0.504551	0.515160	0.515453	0.505144	0.489809	0.475354	0.466647	0.460975	0.457087	0.454502	0.453266	0.455121	0.457698	0.457995	0.453373	0.444648	0.433370	0.420912	0.407945	0.392274	0.376154	0.362605	0.354514	0.351853	0.351772	0.351306	0.348690	0.347612																												
																																						0.316222	0.393683	0.489368	0.572278	0.615246	0.626989	0.623051	0.617001	0.620037	0.625974	0.631859	0.636498	0.638343	0.636015	0.632900	0.632946	0.640158	0.655287	0.673328	0.688827	0.696897	0.698700	0.697574	0.696653	0.699173	0.705934	0.712633	0.714535	0.706357	0.685538	0.660777	0.641928	0.638356	0.649783	0.667215	0.681354	0.683920	0.677082	0.666227	0.656316	0.651558	0.650080	0.650170	0.650614	0.650955	0.653617	0.655824	0.653943	0.644211	0.625664	0.603350	0.582828	0.569525	0.563787	0.559726	0.551092	0.531153	0.497373	0.459866	0.429956	0.417731	0.420556	0.431857	0.445575	0.457674	0.474216	0.491154	0.502420	0.502031	0.489412	0.471312	0.454950	0.446453	0.443116	0.442419	0.442556	0.442454	0.444373	0.446372	0.445740	0.440009	0.429624	0.416459	0.402333	0.388259	0.371739	0.355090	0.341493	0.333990	0.332566	0.334199	0.335736	0.335363																													
																																							0.361873	0.468406	0.560852	0.607165	0.617949	0.611111	0.602109	0.603619	0.608313	0.613286	0.617735	0.620580	0.620749	0.620753	0.623535	0.632262	0.648116	0.666355	0.681672	0.689122	0.689190	0.686174	0.684410	0.688286	0.698602	0.709904	0.716257	0.711553	0.694342	0.672666	0.655357	0.650648	0.657755	0.669490	0.678593	0.678513	0.670641	0.659673	0.650087	0.645784	0.645424	0.646893	0.648391	0.648937	0.651075	0.652394	0.649607	0.639194	0.619893	0.596906	0.576050	0.563076	0.558607	0.556061	0.548378	0.528096	0.492815	0.453198	0.421099	0.406993	0.407833	0.417208	0.429352	0.440447	0.456341	0.473056	0.484658	0.485414	0.475157	0.459844	0.445739	0.438131	0.434552	0.433004	0.432153	0.431270	0.432249	0.433294	0.431954	0.425998	0.415833	0.403147	0.389582	0.376019	0.360099	0.344086	0.331062	0.324025	0.323130	0.325172	0.326762	0.325738																													
																																							0.350452	0.457494	0.549973	0.594999	0.603240	0.593361	0.581593	0.581078	0.583544	0.586878	0.591396	0.597312	0.604337	0.612642	0.622493	0.634696	0.651136	0.668493	0.682730	0.689897	0.689719	0.686513	0.684866	0.689321	0.700378	0.712828	0.721085	0.719694	0.708316	0.692857	0.679588	0.674177	0.675451	0.679305	0.681813	0.679433	0.672927	0.664820	0.657518	0.653112	0.650870	0.649676	0.648589	0.647286	0.647743	0.647649	0.643990	0.633584	0.615419	0.594027	0.574440	0.561729	0.556735	0.553265	0.544603	0.523637	0.488054	0.448050	0.414966	0.398717	0.396032	0.401359	0.409897	0.418445	0.431792	0.446755	0.458552	0.462945	0.461106	0.455711	0.449197	0.443340	0.436219	0.428620	0.421945	0.417655	0.416150	0.415437	0.413314	0.407875	0.399815	0.390114	0.379585	0.368517	0.355227	0.341669	0.330395	0.324007	0.323045	0.324186	0.323798	0.319091																													
																																								0.450398	0.536503	0.577691	0.583650	0.572281	0.559313	0.557263	0.557373	0.558803	0.563347	0.572893	0.588022	0.606072	0.624085	0.639960	0.656198	0.671565	0.684014	0.691299	0.692457	0.691017	0.690955	0.696143	0.706794	0.718751	0.727615	0.729354	0.724599	0.716541	0.708317	0.702513	0.697680	0.693165	0.688726	0.684187	0.679743	0.675310	0.670743	0.665858	0.660506	0.655069	0.649991	0.646033	0.644357	0.642653	0.638153	0.628061	0.611869	0.593052	0.575389	0.562789	0.556237	0.550510	0.539864	0.518135	0.483083	0.443857	0.410691	0.392409	0.385650	0.386070	0.390162	0.395547	0.405607	0.418211	0.430106	0.439012	0.447793	0.454911	0.457891	0.453985	0.441907	0.426119	0.411673	0.402961	0.398455	0.395800	0.393002	0.388490	0.383418	0.377818	0.371374	0.363545	0.353523	0.342926	0.333685	0.327943	0.326683	0.326453	0.323346																														
																																								0.439858	0.515230	0.551954	0.558395	0.549780	0.539454	0.537769	0.536383	0.536065	0.540161	0.552189	0.573228	0.598321	0.621964	0.639637	0.653911	0.665879	0.675895	0.683905	0.688556	0.691707	0.695710	0.702916	0.713653	0.725133	0.734345	0.738757	0.739585	0.737739	0.733804	0.727872	0.718353	0.707275	0.697239	0.690638	0.687125	0.684771	0.681667	0.676063	0.668219	0.659539	0.651407	0.645311	0.641800	0.638654	0.633388	0.623607	0.609263	0.592815	0.576844	0.564117	0.555652	0.547324	0.534519	0.512178	0.478121	0.440313	0.407733	0.388009	0.377802	0.373936	0.374113	0.376768	0.384080	0.394709	0.406597	0.419004	0.436166	0.453174	0.463617	0.461113	0.444845	0.422285	0.401476	0.389224	0.382439	0.378436	0.375350	0.371871	0.369621	0.367749	0.364871	0.359625	0.351880	0.343173	0.335149	0.329764	0.328322	0.327129	0.321932																														
																																									0.479569	0.512654	0.525177	0.526947	0.526006	0.528178	0.527016	0.525292	0.527860	0.539591	0.561234	0.586919	0.610295	0.625736	0.634819	0.641066	0.647674	0.657348	0.668863	0.681147	0.693450	0.705442	0.718444	0.731026	0.741290	0.747748	0.751525	0.752610	0.750651	0.744852	0.733647	0.719920	0.707157	0.698431	0.692824	0.688487	0.683773	0.677206	0.669136	0.660572	0.652463	0.645882	0.641402	0.637185	0.631144	0.621303	0.607761	0.592361	0.577000	0.563758	0.553540	0.543059	0.528608	0.506018	0.473169	0.437057	0.405622	0.385538	0.373587	0.367386	0.365428	0.366759	0.373066	0.383054	0.394856	0.408051	0.427324	0.446849	0.459119	0.456720	0.438896	0.414069	0.391254	0.378048	0.370874	0.366904	0.364276	0.361782	0.361406	0.361710	0.360588	0.356020	0.347994	0.338547	0.329803	0.324187	0.323013	0.322105																															
																																									0.424054	0.452987	0.478703	0.501237	0.518881	0.529240	0.529723	0.526180	0.525504	0.534173	0.551751	0.572342	0.589927	0.598517	0.597350	0.593432	0.594302	0.607028	0.631061	0.660065	0.687599	0.708516	0.726338	0.741515	0.753448	0.761629	0.766286	0.767622	0.765777	0.760499	0.750467	0.737693	0.724683	0.713369	0.702150	0.691228	0.681303	0.673075	0.666643	0.661175	0.655774	0.649928	0.644828	0.639398	0.632150	0.621647	0.607844	0.592239	0.576407	0.562041	0.549761	0.537048	0.521087	0.498585	0.467507	0.433860	0.404529	0.385257	0.373099	0.366239	0.363678	0.364984	0.371960	0.382634	0.394402	0.406043	0.421929	0.437452	0.446475	0.442784	0.425247	0.401587	0.380208	0.368237	0.362499	0.360100	0.358985	0.357885	0.359200	0.360998	0.360534	0.355060	0.344187	0.331182	0.319571	0.313033	0.312591	0.313202																															
																																										0.387159	0.428328	0.474954	0.514207	0.534373	0.537462	0.532507	0.528323	0.532779	0.543885	0.556425	0.565562	0.565624	0.553057	0.538271	0.533212	0.549447	0.587392	0.634926	0.679272	0.709942	0.732952	0.750769	0.764140	0.773485	0.777794	0.777993	0.775356	0.770821	0.763428	0.753518	0.741742	0.728070	0.710271	0.691350	0.675119	0.665142	0.661098	0.659852	0.658228	0.653777	0.648527	0.642224	0.633984	0.622893	0.608710	0.592672	0.576138	0.560483	0.545942	0.530828	0.513308	0.491053	0.462095	0.431388	0.404697	0.386798	0.375114	0.368306	0.365757	0.367507	0.375713	0.387460	0.399045	0.407997	0.418000	0.426613	0.430171	0.424671	0.408454	0.387733	0.369504	0.359782	0.356224	0.355937	0.356618	0.356866	0.359451	0.362080	0.361518	0.354376	0.339668	0.322097	0.306871	0.299157	0.299557																																
																																										0.332069	0.385422	0.451275	0.507968	0.536477	0.542745	0.537871	0.531629	0.532397	0.536789	0.540941	0.541851	0.534956	0.514469	0.492669	0.484127	0.503218	0.551339	0.612252	0.668591	0.705970	0.732140	0.751152	0.764874	0.774490	0.777925	0.776763	0.773285	0.769503	0.764810	0.758005	0.748019	0.733065	0.710529	0.685684	0.664828	0.653787	0.651842	0.654125	0.655782	0.652940	0.648288	0.642113	0.633897	0.623069	0.609376	0.593726	0.577143	0.560563	0.543825	0.526208	0.507005	0.484971	0.458157	0.430407	0.406328	0.389697	0.378330	0.371361	0.368553	0.370378	0.379245	0.391470	0.402474	0.408742	0.413267	0.415573	0.414257	0.407379	0.392908	0.375492	0.360601	0.353037	0.351293	0.352576	0.354434	0.355372	0.358326	0.360877	0.359604	0.350786	0.332904	0.311704	0.293645	0.284986																																	
																																											0.359727	0.432369	0.495778	0.528547	0.538697	0.536939	0.532013	0.531066	0.529903	0.526970	0.521922	0.512516	0.492198	0.471949	0.465227	0.485575	0.535215	0.597641	0.654951	0.692236	0.717203	0.734485	0.746570	0.755109	0.757587	0.755706	0.752006	0.748812	0.745754	0.741000	0.732751	0.718546	0.695858	0.670518	0.649378	0.638729	0.637609	0.641010	0.643999	0.642667	0.639816	0.635619	0.629402	0.620564	0.609267	0.595896	0.580802	0.564178	0.545530	0.525324	0.504196	0.482164	0.457195	0.431981	0.409956	0.393873	0.381903	0.373731	0.369582	0.370327	0.378216	0.389377	0.399091	0.403585	0.405444	0.404993	0.401786	0.394824	0.382150	0.367372	0.354850	0.348471	0.347238	0.348593	0.350169	0.350496	0.352303	0.353421	0.350759	0.340836	0.321894	0.299757	0.281041																																		
																																											0.347272	0.415235	0.475793	0.509898	0.526346	0.532458	0.533196	0.531956	0.524088	0.512395	0.501221	0.492944	0.481452	0.472516	0.474017	0.494436	0.536953	0.588848	0.635878	0.666101	0.685363	0.697812	0.705999	0.711648	0.712291	0.709495	0.705648	0.702973	0.701248	0.698546	0.692927	0.681996	0.663915	0.643530	0.626455	0.617736	0.616223	0.618404	0.620964	0.621432	0.622225	0.622591	0.621009	0.616335	0.609650	0.600657	0.588714	0.572969	0.552602	0.529559	0.506118	0.483800	0.460346	0.437247	0.416748	0.400570	0.387239	0.376999	0.370558	0.369110	0.374439	0.382972	0.390440	0.393413	0.394152	0.393072	0.389917	0.384013	0.373885	0.362174	0.352083	0.346521	0.344935	0.345154	0.345079	0.343305	0.341904	0.339519	0.334099	0.323144	0.304808	0.284052																																			
																																												0.401704	0.454857	0.488448	0.511198	0.526099	0.533624	0.532802	0.518756	0.498959	0.482691	0.477383	0.478009	0.483840	0.495644	0.515343	0.546995	0.583268	0.615276	0.635448	0.647023	0.653253	0.656547	0.658568	0.657115	0.653458	0.649598	0.647420	0.646833	0.646072	0.643325	0.636578	0.624889	0.611528	0.600196	0.594066	0.591852	0.592096	0.593667	0.596018	0.600991	0.606677	0.610524	0.610717	0.609411	0.605548	0.597367	0.582851	0.560861	0.534934	0.509102	0.486497	0.464592	0.443625	0.424614	0.408211	0.393306	0.380727	0.371679	0.367657	0.369836	0.375154	0.380061	0.381736	0.382182	0.381550	0.379386	0.375020	0.367633	0.358988	0.351174	0.346135	0.343685	0.342128	0.339753	0.335282	0.329955	0.323396	0.314836	0.303007	0.286088	0.267775																																			
																																													0.440677	0.472672	0.498680	0.518769	0.530545	0.530276	0.513035	0.489123	0.470789	0.468660	0.478920	0.496031	0.515372	0.533845	0.556001	0.578870	0.597970	0.609302	0.613885	0.614359	0.613165	0.612079	0.609158	0.605216	0.601698	0.600013	0.600252	0.600884	0.600282	0.596799	0.590126	0.582323	0.575626	0.571796	0.569505	0.568764	0.569985	0.573968	0.582098	0.591728	0.599676	0.603768	0.607000	0.607551	0.602611	0.589065	0.565474	0.536872	0.508949	0.486371	0.466434	0.448078	0.431019	0.414770	0.398604	0.383976	0.372631	0.366403	0.365857	0.368405	0.371175	0.371949	0.372566	0.372792	0.371824	0.368831	0.363591	0.357232	0.350998	0.346082	0.342491	0.339023	0.334425	0.327652	0.319241	0.309520	0.298673	0.286376	0.270927																																				
																																														0.471797	0.494579	0.511367	0.520971	0.520837	0.506113	0.485824	0.470861	0.470830	0.482866	0.501184	0.520619	0.537484	0.556108	0.574406	0.588888	0.596268	0.596749	0.593347	0.589145	0.586544	0.583646	0.580582	0.578063	0.576893	0.577479	0.578475	0.578355	0.575550	0.569704	0.562860	0.557260	0.554698	0.553971	0.554889	0.557621	0.562718	0.571508	0.581670	0.590376	0.595862	0.601368	0.604338	0.601120	0.587709	0.562385	0.531446	0.501988	0.480030	0.462892	0.448128	0.434001	0.418755	0.402080	0.386146	0.373314	0.365861	0.363844	0.364909	0.366589	0.367047	0.368098	0.369159	0.369062	0.366730	0.362293	0.356656	0.350723	0.345333	0.340389	0.335181	0.328999	0.321234	0.312132	0.301973	0.290977	0.278922																																					
																																															0.500892	0.503991	0.503707	0.503274	0.498079	0.491040	0.486605	0.488520	0.495011	0.504697	0.516677	0.531041	0.551055	0.572274	0.589066	0.596191	0.594197	0.587592	0.580920	0.577937	0.576601	0.575878	0.575308	0.574712	0.574979	0.575103	0.573766	0.569389	0.560894	0.551297	0.544075	0.542320	0.545209	0.550746	0.557099	0.562981	0.570004	0.577306	0.583494	0.588088	0.594009	0.597842	0.595137	0.581046	0.553573	0.520227	0.489450	0.468610	0.455230	0.445245	0.435167	0.421710	0.405063	0.388260	0.374411	0.366358	0.363622	0.363999	0.365334	0.366141	0.368410	0.370974	0.372009	0.369874	0.364923	0.358325	0.351192	0.344408	0.337354	0.329972	0.322384	0.314812	0.307596	0.300063	0.291401																																						
																																															0.509171	0.495611	0.483333	0.482744	0.489627	0.499198	0.507744	0.511505	0.509788	0.507278	0.509072	0.520599	0.543719	0.570524	0.592195	0.600674	0.597319	0.588377	0.579955	0.577263	0.578102	0.580194	0.581832	0.581794	0.581491	0.580263	0.576995	0.570013	0.557256	0.543145	0.532920	0.531492	0.538484	0.549487	0.560017	0.566369	0.570581	0.573640	0.575959	0.578620	0.583980	0.587815	0.584998	0.569961	0.540455	0.505048	0.473363	0.453989	0.444743	0.439947	0.434336	0.423068	0.406834	0.389554	0.375112	0.366944	0.364082	0.364380	0.365895	0.367421	0.371198	0.375446	0.377623	0.375436	0.369368	0.361069	0.352113	0.343641	0.334384	0.324893	0.316131	0.309188	0.304641	0.300630																																							
																																																0.485123	0.464994	0.464994	0.481454	0.503878	0.522428	0.527709	0.519818	0.508021	0.501956	0.511051	0.535964	0.566391	0.591375	0.601000	0.597254	0.587403	0.578424	0.576361	0.579008	0.583263	0.586559	0.586973	0.586341	0.584138	0.579260	0.569809	0.552903	0.534282	0.520815	0.519049	0.528870	0.543882	0.557449	0.563913	0.565689	0.565215	0.564300	0.565222	0.569847	0.573409	0.570366	0.554687	0.523909	0.487347	0.455473	0.437779	0.432397	0.432326	0.430829	0.421769	0.406239	0.388919	0.374359	0.366534	0.364119	0.364906	0.366991	0.369264	0.374172	0.379563	0.382450	0.380116	0.373065	0.363343	0.352930	0.343226	0.332524	0.321701	0.312190	0.305570	0.302543																																								
																																																	0.453851	0.456095	0.475333	0.500642	0.521507	0.527970	0.520423	0.508303	0.501334	0.508863	0.530976	0.558212	0.580671	0.589397	0.586200	0.577622	0.569941	0.568631	0.571849	0.576577	0.580229	0.580921	0.580699	0.578719	0.573475	0.562599	0.542908	0.521014	0.504785	0.501679	0.511415	0.526910	0.540855	0.547006	0.547965	0.546507	0.544739	0.545185	0.549584	0.553094	0.550135	0.534586	0.503802	0.467431	0.436348	0.420509	0.418320	0.421950	0.423714	0.416628	0.402004	0.385077	0.370909	0.363930	0.362692	0.364697	0.367780	0.370597	0.375647	0.380943	0.383649	0.381155	0.373828	0.363788	0.353140	0.343435	0.333086	0.322657	0.313220	0.305945																																									
																																																		0.457963	0.475052	0.495365	0.512531	0.520558	0.519825	0.515819	0.514147	0.520125	0.533552	0.549380	0.562402	0.567858	0.566534	0.562142	0.558315	0.558262	0.561040	0.564697	0.567481	0.568330	0.569366	0.568821	0.564204	0.552216	0.529735	0.504223	0.484419	0.478430	0.485336	0.498257	0.510291	0.515617	0.516952	0.516494	0.515712	0.516567	0.520962	0.524399	0.521607	0.506698	0.476805	0.441638	0.412206	0.398681	0.399778	0.407038	0.412028	0.407068	0.393543	0.377286	0.363964	0.358612	0.359864	0.364506	0.369602	0.373061	0.377375	0.381312	0.382828	0.379943	0.372579	0.362821	0.352866	0.344577	0.337116	0.329739	0.321919																																										
																																																			0.473787	0.484652	0.494585	0.503608	0.511739	0.518933	0.525136	0.530251	0.534109	0.537033	0.539411	0.541497	0.542888	0.543867	0.544854	0.546267	0.548165	0.550050	0.551389	0.552272	0.554770	0.556031	0.552446	0.539728	0.515025	0.486427	0.463241	0.453883	0.456630	0.465363	0.474223	0.478394	0.480623	0.482062	0.483082	0.484667	0.488979	0.492150	0.489487	0.475609	0.447488	0.414543	0.387520	0.376431	0.380287	0.390396	0.397986	0.395043	0.382911	0.367812	0.355832	0.352471	0.356592	0.364210	0.371511	0.375542	0.378706	0.380751	0.380685	0.377385	0.370275	0.361245	0.352446	0.345967	0.341909	0.338048																																											
																																																					0.464412	0.472659	0.487106	0.503159	0.516268	0.522169	0.521187	0.517153	0.513962	0.515046	0.519372	0.524885	0.529761	0.532433	0.533531	0.533781	0.533749	0.534524	0.537988	0.540542	0.537860	0.525078	0.499741	0.469986	0.445053	0.433108	0.431793	0.436085	0.441466	0.444371	0.447435	0.450708	0.453444	0.455606	0.459527	0.462133	0.459502	0.447003	0.421639	0.392037	0.368112	0.359139	0.364352	0.375497	0.384194	0.382769	0.372433	0.359247	0.349161	0.347639	0.353856	0.363449	0.372116	0.376376	0.378428	0.378820	0.377457	0.374003	0.367628	0.359774	0.352197	0.346797	0.344320																																												
																																																						0.419330	0.433116	0.450728	0.466752	0.476465	0.481442	0.484307	0.487318	0.492536	0.499609	0.506945	0.512989	0.516317	0.517154	0.516623	0.515831	0.516275	0.519457	0.521876	0.519422	0.507571	0.484324	0.456870	0.433321	0.420712	0.416519	0.417072	0.419310	0.420971	0.424368	0.428679	0.432344	0.434524	0.437465	0.439012	0.436232	0.425552	0.404351	0.379696	0.359764	0.352183	0.356253	0.365279	0.372488	0.371670	0.363787	0.353767	0.346459	0.346387	0.353126	0.362719	0.371162	0.375157	0.376540	0.376162	0.374347	0.371249	0.366327	0.360150	0.353475	0.347209																																													
																																																								0.348302	0.364559	0.382677	0.406776	0.433076	0.456377	0.472240	0.482525	0.489190	0.493715	0.497123	0.498075	0.497331	0.496095	0.495757	0.497147	0.497767	0.494762	0.485000	0.467128	0.446082	0.427425	0.415823	0.408987	0.405302	0.403780	0.403968	0.407569	0.412764	0.417138	0.418937	0.420079	0.419760	0.416559	0.408594	0.394080	0.377280	0.363181	0.356324	0.355880	0.358414	0.360597	0.359355	0.355087	0.350334	0.347628	0.349484	0.356217	0.364891	0.372349	0.375950	0.377016	0.376426	0.374696	0.372401	0.369819	0.366005	0.359886																																														
																																																										0.274167	0.321329	0.376117	0.424012	0.452428	0.465928	0.471014	0.473083	0.476354	0.477556	0.476832	0.475324	0.474139	0.473326	0.471713	0.468062	0.461004	0.449906	0.436981	0.424727	0.414996	0.405931	0.398156	0.392887	0.391574	0.395195	0.400996	0.405805	0.407017	0.406129	0.403749	0.400061	0.395008	0.387791	0.379532	0.371640	0.365170	0.359098	0.353734	0.349713	0.347588	0.347169	0.348155	0.350291	0.353635	0.359239	0.365641	0.370998	0.373742	0.374560	0.374103	0.372846	0.371636	0.371820	0.370754																																															
																																																												0.328291	0.394164	0.431822	0.447862	0.452043	0.452540	0.455824	0.457209	0.456472	0.454805	0.453175	0.450981	0.448056	0.444409	0.440049	0.434990	0.429204	0.422658	0.414902	0.404501	0.393820	0.385762	0.383210	0.386499	0.392300	0.397039	0.397616	0.395148	0.391245	0.387248	0.384434	0.382783	0.381044	0.377915	0.371820	0.361630	0.350427	0.341770	0.338938	0.341481	0.346720	0.351998	0.355164	0.357582	0.359585	0.361102	0.362062	0.362436	0.362334	0.361879	0.361883																																																	
																																																														0.409022	0.426309	0.431785	0.433378	0.437308	0.438837	0.438062	0.436529	0.435459	0.433968	0.432013	0.429816	0.427714	0.426135	0.424172	0.420747	0.414480	0.404179	0.392814	0.383849	0.380585	0.382966	0.387766	0.391638	0.391641	0.388691	0.384507	0.380605	0.378503	0.378419	0.378545	0.376923	0.371383	0.360901	0.349013	0.339722	0.336864	0.340429	0.346595	0.351373	0.351174	0.346795	0.340762	0.335470	0.332966	0.332408	0.332871	0.333649																																																		
																																																																0.409775	0.415269	0.420933	0.423334	0.423385	0.423085	0.424123	0.425710	0.427210	0.428194	0.428436	0.428561	0.427962	0.425818	0.421033	0.412555	0.402882	0.394940	0.391454	0.392152	0.394671	0.396628	0.395989	0.393622	0.390403	0.386985	0.383986	0.381390	0.378600	0.374996	0.369764	0.362137	0.353952	0.347357	0.344783	0.347510	0.351401	0.351748	0.343805	0.326755	0.306434	0.289181	0.280489	0.278369																																																				
																																																																		0.404755	0.407703	0.408252	0.409031	0.412397	0.417787	0.423594	0.428315	0.430721	0.431552	0.431050	0.429243	0.425883	0.420026	0.413179	0.407202	0.403768	0.402497	0.402222	0.401843	0.400557	0.399234	0.397517	0.394765	0.390225	0.383412	0.375726	0.368774	0.363981	0.360945	0.358777	0.356669	0.354680	0.355655	0.355743	0.350057	0.333101	0.302077	0.266213																																																							
																																																																				0.387752	0.387898	0.392265	0.400369	0.409573	0.417269	0.421223	0.422339	0.421647	0.419944	0.417757	0.414261	0.410031	0.405914	0.402597	0.399639	0.396943	0.394539	0.392701	0.392264	0.391841	0.389734	0.384038	0.373804	0.362202	0.352825	0.349127	0.351147	0.355379	0.358157	0.357151	0.356427	0.352893																																																											
																																																																						0.354115	0.362117	0.372219	0.380961	0.385400	0.386814	0.386442	0.385190	0.383737	0.381440	0.378477	0.375232	0.371925	0.368057	0.364073	0.360589	0.358389	0.358136	0.358162	0.356527	0.351013	0.340395	0.328524	0.319794	0.318580	0.325446	0.335265																																																															
																																																																								0.305301	0.313472	0.317243	0.318563	0.318540	0.317740	0.316592	0.314697	0.312158	0.309202	0.305894	0.301712	0.297287	0.293437	0.291045	0.290458	0.290330	0.289153	0.285050	0.276540	0.267475																																																																			
																																																																											0.240245	0.240445	0.239979	0.238879	0.237006	0.234513	0.231606	0.228331	0.224178	0.219779	0.215951	0.213470	0.212328	0.211759																																																																							
																																																																																																																																																															
																																																																																																																																																															
																																																																																																																																																															
																																																																																																																																																															
																																																																																																																																																															
																																																																																																																																																															
																																																																																																																																																															
																																																																																																																																																															
																																																																																																																																																															
																																																																																																																																																															
																																																																																																																																																															
																																																																																																																																																															
																																																																																																																																																															
																																																																																																																																																															
																																																																																																																																																															
