Wavefront
Acquisition 	2020/10/14 16:25:49.261
Save 	2020/10/14 21:24:20.131

ASO Size : 40 x 32; ASO Step : 114.077560 um x 114.052567 um
Selection : Tilt X 0; Tilt Y 0; Focus 1; Astig 0° 1; Astig 45° 1
Unity : Microns
Area Size : 160 x 128; Area Step : 28.519390 um x 28.513142 um
																																																																																																																																																															
																																																																																																																																																															
																																																																																																																																																															
																																																																																																																																																															
																																																																																																																																																															
																																																																																																																																																															
																																																																																																																																																															
																																																																																																																																																															
																																																																																																																																																															
																																																																																																																																																															
																																																																																																																																																															
																																																																																																																																																															
																																																																																																																																																															
																																																																																																																																																															
																																																																																																																																																															
																																																																																																																																																															
																																																																																																																																																															
																																																																																											-0.004308	0.001296	0.007016	0.011803	0.016499	0.021031	0.025061	0.027947	0.028581																																																												
																																																																																							-0.019010	-0.021492	-0.023554	-0.025064	-0.026370	-0.027140	-0.026918	-0.025352	-0.022736	-0.019031	-0.014104	-0.007881	-0.000527	0.008103	0.018210																																																										
																																																																											0.009795	0.003894	-0.001751	-0.007575	-0.013500	-0.019195	-0.024339	-0.028623	-0.032043	-0.034914	-0.037567	-0.040257	-0.042764	-0.045127	-0.047454	-0.049980	-0.053165	-0.056160	-0.057943	-0.057725	-0.056162	-0.053168	-0.048452	-0.041690	-0.032724	-0.022088	-0.010390	0.002696	0.020277																																																								
																																																																							0.014563	0.004650	-0.004997	-0.012492	-0.018758	-0.024450	-0.029970	-0.035698	-0.041617	-0.047370	-0.052587	-0.056923	-0.060407	-0.063346	-0.066053	-0.068759	-0.071227	-0.073542	-0.075862	-0.078459	-0.081740	-0.084891	-0.086935	-0.087125	-0.086095	-0.083747	-0.079789	-0.073887	-0.065866	-0.056293	-0.045812	-0.034504	-0.020524	-0.006251	0.005271																																																						
																																																																				0.002883	-0.004692	-0.012449	-0.020237	-0.027806	-0.034945	-0.041436	-0.047232	-0.052614	-0.057889	-0.063365	-0.069081	-0.074677	-0.079764	-0.083982	-0.087377	-0.090247	-0.092894	-0.095543	-0.097987	-0.100276	-0.102525	-0.104941	-0.107856	-0.110621	-0.112456	-0.112764	-0.112059	-0.110253	-0.107098	-0.102322	-0.095812	-0.087991	-0.079336	-0.070110	-0.059645	-0.048568	-0.037739	-0.028145	-0.020346																																																				
																																																																		0.007827	-0.005421	-0.018330	-0.029974	-0.039478	-0.046904	-0.053043	-0.058706	-0.064520	-0.069976	-0.075125	-0.080175	-0.085349	-0.090721	-0.095969	-0.100733	-0.104676	-0.107821	-0.110473	-0.112946	-0.115471	-0.117827	-0.120076	-0.122354	-0.124888	-0.128014	-0.131057	-0.133209	-0.133848	-0.133497	-0.132081	-0.129363	-0.125069	-0.119043	-0.111767	-0.103790	-0.095593	-0.087021	-0.077799	-0.067692	-0.056595	-0.044933	-0.032243	-0.017917																																																		
																																																																0.014336	-0.001618	-0.015266	-0.029202	-0.042917	-0.055085	-0.064463	-0.071134	-0.076232	-0.080911	-0.086100	-0.091185	-0.096057	-0.100787	-0.105475	-0.110218	-0.114788	-0.118914	-0.122328	-0.124996	-0.127233	-0.129373	-0.131678	-0.133935	-0.136167	-0.138462	-0.141004	-0.144148	-0.147237	-0.149477	-0.150254	-0.150060	-0.148854	-0.146440	-0.142581	-0.137108	-0.130484	-0.123245	-0.115893	-0.108385	-0.100276	-0.091117	-0.080603	-0.069167	-0.056536	-0.042292	-0.025243	-0.002676																																																
																																																															-0.005385	-0.018397	-0.031616	-0.043784	-0.056367	-0.068668	-0.079515	-0.087786	-0.093494	-0.097743	-0.101681	-0.106252	-0.110916	-0.115450	-0.119779	-0.123869	-0.127834	-0.131557	-0.134883	-0.137630	-0.139691	-0.141391	-0.143100	-0.145122	-0.147277	-0.149502	-0.151786	-0.154223	-0.157179	-0.160071	-0.162180	-0.162939	-0.162771	-0.161679	-0.159537	-0.156181	-0.151460	-0.145740	-0.139445	-0.132953	-0.126159	-0.118825	-0.110736	-0.101831	-0.092602	-0.082453	-0.070613	-0.056019	-0.037571	-0.017798	0.000328																																														
																																																														-0.028248	-0.039320	-0.050115	-0.060650	-0.071058	-0.081759	-0.092060	-0.101107	-0.108062	-0.112840	-0.116393	-0.119739	-0.123731	-0.127954	-0.132109	-0.136006	-0.139502	-0.142722	-0.145644	-0.148205	-0.150294	-0.151735	-0.152874	-0.154128	-0.155851	-0.157888	-0.160092	-0.162356	-0.164690	-0.167474	-0.170192	-0.172189	-0.172941	-0.172805	-0.171829	-0.169959	-0.167106	-0.163144	-0.158330	-0.152969	-0.147296	-0.141122	-0.134465	-0.127400	-0.120160	-0.113284	-0.105822	-0.096615	-0.084650	-0.070260	-0.054015	-0.036407	-0.017986	0.000982																																												
																																																													-0.038900	-0.052526	-0.063497	-0.073157	-0.082293	-0.091643	-0.101131	-0.110121	-0.117969	-0.124017	-0.128117	-0.131124	-0.133974	-0.137464	-0.141242	-0.144981	-0.148442	-0.151438	-0.154099	-0.156440	-0.158432	-0.159984	-0.160872	-0.161486	-0.162304	-0.163736	-0.165617	-0.167757	-0.170006	-0.172338	-0.175157	-0.177950	-0.180063	-0.180963	-0.180980	-0.180206	-0.178639	-0.176240	-0.172885	-0.168778	-0.164166	-0.159235	-0.153809	-0.147936	-0.141720	-0.135413	-0.129535	-0.123140	-0.115084	-0.104535	-0.092403	-0.078306	-0.061570	-0.041592	-0.018523	0.007236	0.035312																																										
																																																											-0.022773	-0.041197	-0.058670	-0.071980	-0.082675	-0.091904	-0.100395	-0.108782	-0.116847	-0.124248	-0.130692	-0.135836	-0.139458	-0.142198	-0.144791	-0.147864	-0.151157	-0.154390	-0.157348	-0.159862	-0.162063	-0.163945	-0.165463	-0.166495	-0.166780	-0.166787	-0.167088	-0.168168	-0.169824	-0.171842	-0.174057	-0.176441	-0.179429	-0.182470	-0.184857	-0.186006	-0.186250	-0.185728	-0.184488	-0.182534	-0.179736	-0.176263	-0.172331	-0.168113	-0.163478	-0.158428	-0.153003	-0.147376	-0.142008	-0.136112	-0.128727	-0.119191	-0.108395	-0.095813	-0.080623	-0.062089	-0.040381	-0.016009	0.010550	0.040641																																									
																																																										-0.032690	-0.047159	-0.062560	-0.077014	-0.088951	-0.099171	-0.108176	-0.116249	-0.123596	-0.130003	-0.135549	-0.140380	-0.144546	-0.147741	-0.150324	-0.152760	-0.155453	-0.158253	-0.160958	-0.163401	-0.165462	-0.167266	-0.168768	-0.169880	-0.170436	-0.170144	-0.169561	-0.169353	-0.170088	-0.171514	-0.173399	-0.175580	-0.178035	-0.181232	-0.184569	-0.187272	-0.188699	-0.189191	-0.188936	-0.188024	-0.186504	-0.184234	-0.181355	-0.178056	-0.174493	-0.170584	-0.166281	-0.161562	-0.156512	-0.151511	-0.145967	-0.139148	-0.130529	-0.120715	-0.109425	-0.096178	-0.080587	-0.062901	-0.043176	-0.021396	0.003318	0.033929																																								
																																																									-0.042795	-0.057190	-0.070301	-0.082612	-0.094008	-0.104415	-0.113955	-0.122539	-0.130037	-0.136264	-0.141022	-0.144759	-0.148008	-0.151164	-0.153842	-0.156159	-0.158357	-0.160653	-0.162994	-0.165233	-0.167233	-0.168900	-0.170360	-0.171538	-0.172320	-0.172502	-0.171776	-0.170755	-0.170177	-0.170662	-0.171926	-0.173727	-0.175898	-0.178422	-0.181791	-0.185366	-0.188330	-0.190001	-0.190725	-0.190723	-0.190122	-0.189003	-0.187230	-0.184903	-0.182172	-0.179162	-0.175825	-0.172099	-0.167936	-0.163369	-0.158685	-0.153468	-0.147199	-0.139474	-0.130612	-0.120593	-0.109297	-0.096708	-0.083154	-0.068214	-0.051353	-0.032027	-0.010139	0.013638																																							
																																																								-0.039984	-0.060258	-0.075719	-0.088502	-0.099702	-0.109815	-0.119266	-0.127880	-0.135465	-0.141874	-0.146877	-0.150176	-0.152398	-0.154287	-0.156427	-0.158371	-0.160132	-0.161858	-0.163696	-0.165661	-0.167586	-0.169294	-0.170655	-0.171810	-0.172701	-0.173223	-0.173185	-0.172265	-0.171083	-0.170384	-0.170799	-0.172047	-0.173872	-0.176090	-0.178670	-0.182106	-0.185771	-0.188858	-0.190688	-0.191593	-0.191809	-0.191483	-0.190723	-0.189418	-0.187609	-0.185371	-0.182767	-0.179754	-0.176328	-0.172492	-0.168307	-0.163955	-0.159134	-0.153470	-0.146682	-0.139020	-0.130432	-0.120788	-0.110068	-0.098638	-0.086031	-0.071644	-0.055243	-0.037986	-0.018565	0.004743																																						
																																																							-0.035260	-0.056139	-0.075904	-0.091258	-0.104016	-0.115055	-0.124740	-0.133355	-0.140677	-0.146719	-0.151561	-0.155146	-0.157014	-0.157836	-0.158452	-0.159522	-0.160553	-0.161542	-0.162636	-0.163999	-0.165699	-0.167481	-0.169058	-0.170202	-0.171080	-0.171698	-0.172009	-0.171876	-0.170969	-0.169865	-0.169271	-0.169789	-0.171178	-0.173157	-0.175505	-0.178155	-0.181590	-0.185234	-0.188335	-0.190262	-0.191310	-0.191718	-0.191643	-0.191219	-0.190389	-0.189095	-0.187298	-0.184941	-0.181969	-0.178511	-0.174719	-0.170756	-0.166678	-0.162247	-0.157199	-0.151365	-0.145040	-0.138000	-0.129918	-0.120593	-0.110406	-0.099051	-0.086092	-0.071493	-0.056551	-0.039573	-0.018398	0.011217																																					
																																																						-0.036389	-0.053787	-0.072595	-0.090290	-0.104836	-0.117535	-0.128689	-0.138214	-0.145987	-0.151852	-0.156141	-0.159248	-0.161366	-0.161866	-0.161393	-0.160812	-0.160796	-0.160811	-0.160895	-0.161252	-0.162106	-0.163566	-0.165262	-0.166776	-0.167762	-0.168420	-0.168829	-0.169012	-0.168896	-0.168154	-0.167295	-0.166950	-0.167670	-0.169265	-0.171437	-0.173932	-0.176641	-0.180025	-0.183578	-0.186629	-0.188612	-0.189782	-0.190365	-0.190518	-0.190393	-0.189994	-0.189163	-0.187735	-0.185526	-0.182453	-0.178811	-0.174933	-0.171116	-0.167286	-0.163245	-0.158811	-0.153917	-0.148937	-0.143438	-0.136857	-0.128765	-0.119556	-0.109132	-0.097277	-0.084045	-0.070352	-0.054922	-0.036144	-0.010751	0.027166																																				
																																																					-0.038873	-0.054721	-0.071130	-0.087628	-0.103076	-0.116622	-0.129098	-0.140246	-0.149546	-0.156480	-0.160971	-0.163640	-0.165154	-0.165931	-0.165211	-0.163590	-0.161921	-0.160856	-0.159823	-0.158933	-0.158476	-0.158764	-0.159912	-0.161454	-0.162870	-0.163726	-0.164254	-0.164578	-0.164757	-0.164761	-0.164293	-0.163779	-0.163755	-0.164696	-0.166465	-0.168769	-0.171347	-0.174070	-0.177364	-0.180790	-0.183758	-0.185771	-0.187055	-0.187807	-0.188165	-0.188278	-0.188203	-0.187715	-0.186563	-0.184468	-0.181314	-0.177535	-0.173617	-0.169977	-0.166427	-0.162802	-0.158984	-0.154988	-0.151255	-0.147182	-0.142004	-0.135109	-0.126915	-0.117476	-0.106725	-0.094736	-0.081994	-0.067777	-0.051186	-0.030109	-0.000272	0.030515																																			
																																																				-0.033067	-0.052300	-0.068773	-0.084574	-0.099817	-0.113981	-0.126746	-0.138712	-0.149400	-0.158127	-0.164223	-0.167628	-0.169092	-0.169417	-0.169131	-0.167421	-0.164843	-0.162226	-0.160187	-0.158111	-0.156202	-0.154857	-0.154481	-0.155152	-0.156361	-0.157556	-0.158284	-0.158808	-0.159230	-0.159578	-0.159812	-0.159708	-0.159605	-0.159925	-0.161044	-0.162859	-0.165133	-0.167648	-0.170304	-0.173473	-0.176760	-0.179641	-0.181677	-0.183083	-0.184012	-0.184555	-0.184826	-0.184906	-0.184574	-0.183571	-0.181609	-0.178534	-0.174841	-0.171089	-0.167744	-0.164556	-0.161393	-0.158194	-0.155033	-0.152367	-0.149513	-0.145618	-0.140003	-0.133144	-0.125086	-0.115733	-0.105108	-0.093609	-0.080682	-0.065628	-0.046865	-0.021269	0.005412	0.026230																																		
																																																			-0.027445	-0.046123	-0.064589	-0.080549	-0.095620	-0.109939	-0.123159	-0.135099	-0.146286	-0.156198	-0.164124	-0.169365	-0.171854	-0.172380	-0.171789	-0.170657	-0.168186	-0.164864	-0.161443	-0.158455	-0.155239	-0.152145	-0.149739	-0.148557	-0.148582	-0.149301	-0.150181	-0.150799	-0.151453	-0.152169	-0.152886	-0.153513	-0.153951	-0.154423	-0.155191	-0.156484	-0.158218	-0.160276	-0.162558	-0.165052	-0.168043	-0.171164	-0.173942	-0.175995	-0.177554	-0.178693	-0.179421	-0.179769	-0.179822	-0.179434	-0.178430	-0.176581	-0.173698	-0.170261	-0.166832	-0.163870	-0.161099	-0.158429	-0.155850	-0.153479	-0.151750	-0.149967	-0.147276	-0.143025	-0.137793	-0.131460	-0.123720	-0.114408	-0.103952	-0.091946	-0.077839	-0.060514	-0.037966	-0.013983	0.006866																																		
																																																		-0.027355	-0.042994	-0.059749	-0.076098	-0.090860	-0.104981	-0.118380	-0.130686	-0.141695	-0.151934	-0.160904	-0.167924	-0.172319	-0.174014	-0.173784	-0.172463	-0.170632	-0.167548	-0.163621	-0.159505	-0.155621	-0.151267	-0.146958	-0.143448	-0.141416	-0.140725	-0.140878	-0.141400	-0.141931	-0.142803	-0.143932	-0.145132	-0.146238	-0.147298	-0.148413	-0.149673	-0.151146	-0.152767	-0.154555	-0.156548	-0.158840	-0.161621	-0.164543	-0.167190	-0.169234	-0.170930	-0.172264	-0.173147	-0.173512	-0.173435	-0.172881	-0.171790	-0.170033	-0.167376	-0.164261	-0.161219	-0.158680	-0.156367	-0.154220	-0.152263	-0.150635	-0.149729	-0.148882	-0.147283	-0.144359	-0.140802	-0.136263	-0.130164	-0.122097	-0.112550	-0.101281	-0.087890	-0.071723	-0.051847	-0.030160	-0.008928	0.010846																																	
																																																	-0.027463	-0.043094	-0.057971	-0.072550	-0.086586	-0.099943	-0.112948	-0.125302	-0.136594	-0.146585	-0.155800	-0.163779	-0.169880	-0.173470	-0.174476	-0.173629	-0.171712	-0.169278	-0.165646	-0.161170	-0.156426	-0.151747	-0.146392	-0.141016	-0.136526	-0.133719	-0.132338	-0.131930	-0.132095	-0.132560	-0.133685	-0.135264	-0.136970	-0.138543	-0.140172	-0.141865	-0.143574	-0.145238	-0.146812	-0.148416	-0.150193	-0.152307	-0.154868	-0.157565	-0.160039	-0.162026	-0.163790	-0.165244	-0.166215	-0.166559	-0.166339	-0.165616	-0.164434	-0.162753	-0.160295	-0.157470	-0.154793	-0.152677	-0.150854	-0.149268	-0.147940	-0.146999	-0.146804	-0.146748	-0.146086	-0.144329	-0.142245	-0.139300	-0.134699	-0.127845	-0.119290	-0.108896	-0.096350	-0.081340	-0.063812	-0.044150	-0.022771	0.001505																																	
																																																-0.019026	-0.039728	-0.056052	-0.070275	-0.083423	-0.095873	-0.107978	-0.119705	-0.130744	-0.140785	-0.149664	-0.157852	-0.164884	-0.170133	-0.172989	-0.173412	-0.172066	-0.169656	-0.166673	-0.162487	-0.157447	-0.152106	-0.146772	-0.140672	-0.134528	-0.129328	-0.125916	-0.123951	-0.123042	-0.122889	-0.123314	-0.124705	-0.126722	-0.128892	-0.130847	-0.132878	-0.134965	-0.137001	-0.138874	-0.140563	-0.142208	-0.143960	-0.145984	-0.148343	-0.150787	-0.153040	-0.154904	-0.156623	-0.158068	-0.159032	-0.159333	-0.159029	-0.158225	-0.157011	-0.155384	-0.153025	-0.150363	-0.147943	-0.146212	-0.144919	-0.143951	-0.143273	-0.142951	-0.143342	-0.143904	-0.143962	-0.143092	-0.142055	-0.140261	-0.136864	-0.131231	-0.123966	-0.114897	-0.103658	-0.090043	-0.074542	-0.056709	-0.035922	-0.009844	0.027508																																
																																															-0.012093	-0.032740	-0.052461	-0.068164	-0.081387	-0.093171	-0.104134	-0.114799	-0.124927	-0.134314	-0.142819	-0.150420	-0.157502	-0.163574	-0.168006	-0.170202	-0.170191	-0.168530	-0.165792	-0.162355	-0.157643	-0.152045	-0.146149	-0.140282	-0.133654	-0.126990	-0.121292	-0.117397	-0.114887	-0.113482	-0.113017	-0.113453	-0.115204	-0.117758	-0.120453	-0.122766	-0.125068	-0.127388	-0.129644	-0.131759	-0.133736	-0.135648	-0.137572	-0.139595	-0.141770	-0.143940	-0.145926	-0.147613	-0.149198	-0.150534	-0.151408	-0.151631	-0.151263	-0.150413	-0.149178	-0.147547	-0.145153	-0.142497	-0.140213	-0.138841	-0.138158	-0.137920	-0.137946	-0.138167	-0.138958	-0.139886	-0.140390	-0.140122	-0.139746	-0.138724	-0.136291	-0.131909	-0.126251	-0.118958	-0.109449	-0.097370	-0.083423	-0.067026	-0.047360	-0.021925	0.015167																																
																																														-0.010797	-0.029175	-0.047844	-0.065099	-0.079458	-0.091434	-0.101827	-0.111316	-0.120447	-0.128864	-0.136495	-0.143380	-0.149639	-0.155566	-0.160648	-0.164261	-0.165837	-0.165483	-0.163624	-0.160671	-0.156863	-0.151677	-0.145571	-0.139183	-0.132890	-0.125883	-0.118864	-0.112812	-0.108524	-0.105518	-0.103640	-0.102875	-0.103336	-0.105456	-0.108545	-0.111753	-0.114392	-0.116900	-0.119381	-0.121810	-0.124173	-0.126500	-0.128765	-0.130931	-0.132977	-0.134960	-0.136825	-0.138501	-0.139960	-0.141335	-0.142476	-0.143189	-0.143301	-0.142867	-0.141986	-0.140744	-0.139104	-0.136659	-0.133989	-0.131823	-0.130806	-0.130751	-0.131263	-0.131987	-0.132699	-0.133798	-0.134975	-0.135787	-0.135963	-0.136034	-0.135562	-0.133930	-0.130760	-0.126787	-0.121409	-0.113770	-0.103260	-0.090592	-0.075427	-0.057189	-0.033773	0.000157	0.035380																															
																																													-0.005248	-0.027001	-0.045335	-0.061790	-0.076474	-0.089376	-0.100097	-0.109180	-0.117309	-0.125015	-0.131871	-0.137914	-0.143317	-0.148300	-0.153072	-0.157133	-0.159900	-0.160860	-0.160180	-0.158150	-0.155021	-0.150896	-0.145310	-0.138780	-0.131990	-0.125358	-0.118068	-0.110790	-0.104471	-0.099864	-0.096438	-0.094148	-0.093110	-0.093562	-0.095944	-0.099432	-0.103033	-0.105941	-0.108649	-0.111305	-0.113913	-0.116496	-0.119121	-0.121676	-0.124021	-0.126043	-0.127793	-0.129317	-0.130644	-0.131820	-0.132911	-0.133783	-0.134275	-0.134246	-0.133737	-0.132834	-0.131615	-0.130028	-0.127646	-0.125090	-0.123139	-0.122495	-0.123010	-0.124179	-0.125522	-0.126701	-0.128134	-0.129602	-0.130746	-0.131344	-0.131810	-0.131815	-0.130890	-0.128810	-0.126345	-0.122694	-0.116783	-0.107785	-0.096384	-0.082495	-0.065824	-0.044772	-0.014830	0.016391																															
																																												0.017524	-0.016042	-0.039366	-0.057402	-0.072506	-0.085627	-0.097432	-0.107081	-0.115028	-0.122001	-0.128561	-0.134241	-0.139104	-0.143354	-0.147230	-0.150866	-0.153846	-0.155691	-0.155997	-0.154944	-0.152698	-0.149374	-0.144967	-0.139070	-0.132231	-0.125148	-0.118252	-0.110731	-0.103236	-0.096694	-0.091827	-0.088077	-0.085465	-0.084189	-0.084559	-0.086997	-0.090629	-0.094416	-0.097521	-0.100492	-0.103435	-0.106295	-0.109052	-0.111827	-0.114479	-0.116825	-0.118700	-0.120138	-0.121259	-0.122175	-0.122996	-0.123718	-0.124237	-0.124446	-0.124245	-0.123646	-0.122734	-0.121594	-0.120192	-0.118120	-0.115957	-0.114431	-0.114205	-0.115162	-0.116794	-0.118611	-0.120262	-0.122166	-0.124115	-0.125761	-0.126876	-0.127816	-0.128335	-0.128068	-0.126882	-0.125528	-0.123137	-0.118576	-0.110973	-0.101059	-0.088731	-0.073660	-0.054511	-0.027798	0.000497	0.023067																														
																																											0.037155	0.003642	-0.027943	-0.050373	-0.067398	-0.081244	-0.093097	-0.103809	-0.112424	-0.119363	-0.125359	-0.130986	-0.135809	-0.139834	-0.143197	-0.146053	-0.148469	-0.150202	-0.150974	-0.150562	-0.149116	-0.146658	-0.143169	-0.138528	-0.132402	-0.125355	-0.118080	-0.111007	-0.103339	-0.095707	-0.089014	-0.083956	-0.079960	-0.077093	-0.075600	-0.075825	-0.078146	-0.081715	-0.085530	-0.088807	-0.092149	-0.095536	-0.098764	-0.101696	-0.104526	-0.107133	-0.109327	-0.110926	-0.111924	-0.112513	-0.112891	-0.113227	-0.113430	-0.113453	-0.113273	-0.112857	-0.112166	-0.111285	-0.110315	-0.109252	-0.107758	-0.106288	-0.105417	-0.105673	-0.106965	-0.108886	-0.111043	-0.113173	-0.115684	-0.118293	-0.120587	-0.122263	-0.123664	-0.124635	-0.124911	-0.124433	-0.123867	-0.122384	-0.118915	-0.112663	-0.104419	-0.093925	-0.080673	-0.063603	-0.040741	-0.015779	0.006829																														
																																											0.016408	-0.012906	-0.039877	-0.060171	-0.075797	-0.088409	-0.099124	-0.108748	-0.116370	-0.122399	-0.127540	-0.132364	-0.136503	-0.139878	-0.142514	-0.144442	-0.145674	-0.146164	-0.145861	-0.144744	-0.142912	-0.140253	-0.136621	-0.131797	-0.125518	-0.118353	-0.110976	-0.103809	-0.096079	-0.088395	-0.081630	-0.076451	-0.072291	-0.069238	-0.067558	-0.067601	-0.069688	-0.073040	-0.076747	-0.080124	-0.083815	-0.087645	-0.091234	-0.094297	-0.097113	-0.099594	-0.101565	-0.102843	-0.103378	-0.103420	-0.103242	-0.103057	-0.102690	-0.102162	-0.101548	-0.100892	-0.100095	-0.099244	-0.098462	-0.097793	-0.096985	-0.096329	-0.096204	-0.096953	-0.098514	-0.100626	-0.103039	-0.105625	-0.108768	-0.112084	-0.115056	-0.117289	-0.119130	-0.120512	-0.121259	-0.121364	-0.121384	-0.120584	-0.118023	-0.113043	-0.106467	-0.097856	-0.086501	-0.071642	-0.052995	-0.031700	-0.009026	0.015508																													
																																										0.023174	-0.002578	-0.027604	-0.050022	-0.068160	-0.082479	-0.094035	-0.103796	-0.112447	-0.119162	-0.124356	-0.128715	-0.132800	-0.136301	-0.139070	-0.141049	-0.142173	-0.142410	-0.141868	-0.140670	-0.138949	-0.136762	-0.133899	-0.130129	-0.125167	-0.118805	-0.111605	-0.104212	-0.097029	-0.089312	-0.081650	-0.074884	-0.069658	-0.065423	-0.062266	-0.060446	-0.060291	-0.062072	-0.065099	-0.068571	-0.071911	-0.075781	-0.079874	-0.083669	-0.086765	-0.089506	-0.091834	-0.093587	-0.094586	-0.094757	-0.094377	-0.093760	-0.093137	-0.092268	-0.091242	-0.090225	-0.089329	-0.088393	-0.087520	-0.086866	-0.086531	-0.086343	-0.086432	-0.086988	-0.088182	-0.089981	-0.092258	-0.094893	-0.097877	-0.101567	-0.105496	-0.109068	-0.111816	-0.114099	-0.115905	-0.117113	-0.117741	-0.118245	-0.117998	-0.116208	-0.112356	-0.107268	-0.100360	-0.090773	-0.078019	-0.063264	-0.045440	-0.023083	0.007519																													
																																									0.041313	0.011696	-0.013644	-0.036584	-0.056754	-0.073726	-0.087234	-0.098061	-0.107106	-0.114998	-0.120939	-0.125363	-0.128968	-0.132327	-0.135120	-0.137200	-0.138514	-0.138991	-0.138573	-0.137408	-0.135668	-0.133530	-0.131032	-0.127946	-0.124021	-0.118964	-0.112598	-0.105451	-0.098131	-0.091009	-0.083378	-0.075809	-0.069115	-0.063925	-0.059723	-0.056568	-0.054677	-0.054326	-0.055757	-0.058372	-0.061470	-0.064569	-0.068303	-0.072309	-0.076019	-0.078993	-0.081598	-0.083784	-0.085387	-0.086230	-0.086249	-0.085707	-0.084895	-0.084020	-0.082818	-0.081434	-0.080103	-0.078982	-0.077846	-0.076837	-0.076172	-0.076021	-0.076250	-0.076868	-0.077927	-0.079474	-0.081514	-0.083993	-0.086856	-0.090145	-0.094191	-0.098511	-0.102500	-0.105686	-0.108433	-0.110728	-0.112445	-0.113580	-0.114530	-0.114770	-0.113630	-0.110697	-0.106754	-0.101171	-0.093046	-0.082098	-0.070312	-0.055323	-0.034062	-0.001025																													
																																									0.034558	0.004946	-0.019630	-0.041429	-0.060490	-0.076732	-0.089738	-0.100145	-0.108744	-0.116073	-0.121372	-0.125116	-0.128031	-0.130702	-0.132752	-0.134099	-0.134770	-0.134774	-0.134046	-0.132665	-0.130730	-0.128351	-0.125573	-0.122227	-0.118123	-0.113027	-0.106763	-0.099800	-0.092679	-0.085724	-0.078266	-0.070874	-0.064341	-0.059297	-0.055283	-0.052281	-0.050411	-0.049856	-0.050839	-0.052880	-0.055406	-0.058032	-0.061313	-0.064895	-0.068233	-0.070914	-0.073292	-0.075308	-0.076795	-0.077584	-0.077658	-0.077208	-0.076436	-0.075466	-0.074052	-0.072398	-0.070793	-0.069423	-0.067986	-0.066698	-0.065882	-0.065810	-0.066363	-0.067426	-0.068918	-0.070776	-0.073056	-0.075745	-0.078812	-0.082309	-0.086527	-0.091026	-0.095257	-0.098806	-0.102046	-0.104893	-0.107148	-0.108724	-0.109983	-0.110529	-0.109833	-0.107591	-0.104486	-0.099912	-0.093027	-0.083690	-0.074182	-0.061602	-0.042229	-0.009993	0.043686																												
																																								0.068235	0.028618	0.000594	-0.022910	-0.043896	-0.062299	-0.077974	-0.090633	-0.100805	-0.109130	-0.116016	-0.120761	-0.123893	-0.126177	-0.128217	-0.129558	-0.130202	-0.130290	-0.129939	-0.129090	-0.127703	-0.125756	-0.123241	-0.120218	-0.116615	-0.112338	-0.107244	-0.101144	-0.094434	-0.087584	-0.080864	-0.073651	-0.066505	-0.060201	-0.055366	-0.051614	-0.048832	-0.047022	-0.046250	-0.046732	-0.048114	-0.049961	-0.051987	-0.054646	-0.057618	-0.060430	-0.062723	-0.064824	-0.066656	-0.068043	-0.068827	-0.069057	-0.068826	-0.068215	-0.067241	-0.065699	-0.063846	-0.062014	-0.060410	-0.058651	-0.057042	-0.056014	-0.055947	-0.056721	-0.058116	-0.059941	-0.062044	-0.064535	-0.067419	-0.070664	-0.074314	-0.078616	-0.083197	-0.087589	-0.091458	-0.095190	-0.098604	-0.101394	-0.103366	-0.104865	-0.105626	-0.105264	-0.103576	-0.101118	-0.097352	-0.091550	-0.083683	-0.076051	-0.065616	-0.048509	-0.018735	0.031544																												
																																								0.059923	0.023478	-0.002707	-0.025097	-0.045334	-0.063167	-0.078323	-0.090687	-0.100686	-0.108797	-0.115290	-0.119518	-0.122073	-0.123773	-0.125248	-0.125974	-0.126018	-0.125611	-0.124959	-0.124011	-0.122628	-0.120679	-0.118059	-0.114837	-0.111027	-0.106620	-0.101551	-0.095618	-0.089157	-0.082580	-0.076117	-0.069194	-0.062346	-0.056309	-0.051693	-0.048180	-0.045583	-0.043803	-0.042806	-0.042796	-0.043535	-0.044712	-0.046132	-0.048148	-0.050485	-0.052748	-0.054647	-0.056473	-0.058129	-0.059424	-0.060206	-0.060585	-0.060565	-0.060121	-0.059177	-0.057565	-0.055583	-0.053594	-0.051818	-0.049817	-0.047954	-0.046740	-0.046623	-0.047472	-0.049014	-0.051004	-0.053250	-0.055895	-0.058941	-0.062347	-0.066138	-0.070536	-0.075220	-0.079787	-0.083967	-0.088158	-0.092098	-0.095393	-0.097758	-0.099528	-0.100540	-0.100527	-0.099358	-0.097466	-0.094404	-0.089575	-0.083064	-0.077136	-0.068685	-0.053784	-0.026612	0.019888																												
																																							0.089454	0.054315	0.019228	-0.005955	-0.027396	-0.046730	-0.063789	-0.078388	-0.090447	-0.100257	-0.108143	-0.114241	-0.117945	-0.119928	-0.121072	-0.122061	-0.122325	-0.121941	-0.121163	-0.120218	-0.119060	-0.117523	-0.115446	-0.112694	-0.109335	-0.105413	-0.100954	-0.095923	-0.090112	-0.083833	-0.077476	-0.071261	-0.064665	-0.058166	-0.052422	-0.047991	-0.044617	-0.042084	-0.040247	-0.039016	-0.038573	-0.038764	-0.039375	-0.040278	-0.041744	-0.043539	-0.045336	-0.046898	-0.048497	-0.050007	-0.051215	-0.051959	-0.052392	-0.052472	-0.052111	-0.051183	-0.049543	-0.047510	-0.045458	-0.043617	-0.041544	-0.039599	-0.038295	-0.038078	-0.038790	-0.040196	-0.042095	-0.044334	-0.047040	-0.050196	-0.053748	-0.057704	-0.062291	-0.067198	-0.072032	-0.076538	-0.081126	-0.085504	-0.089248	-0.092040	-0.094203	-0.095623	-0.096085	-0.095480	-0.094152	-0.091751	-0.087806	-0.082554	-0.078351	-0.071818	-0.058715	-0.033040	0.011845																												
																																							0.084764	0.050442	0.016222	-0.008130	-0.028637	-0.047034	-0.063298	-0.077391	-0.089255	-0.099007	-0.106781	-0.112545	-0.115733	-0.117133	-0.117738	-0.118325	-0.118286	-0.117656	-0.116652	-0.115474	-0.114082	-0.112330	-0.110081	-0.107220	-0.103805	-0.099874	-0.095448	-0.090488	-0.084782	-0.078652	-0.072498	-0.066566	-0.060385	-0.054337	-0.048965	-0.044730	-0.041438	-0.038887	-0.036923	-0.035443	-0.034595	-0.034285	-0.034370	-0.034769	-0.035678	-0.036916	-0.038234	-0.039466	-0.040861	-0.042253	-0.043394	-0.044099	-0.044553	-0.044695	-0.044400	-0.043515	-0.041916	-0.039922	-0.037906	-0.036108	-0.034123	-0.032251	-0.030924	-0.030501	-0.030781	-0.031674	-0.033143	-0.035173	-0.037828	-0.041038	-0.044708	-0.048824	-0.053642	-0.058835	-0.063984	-0.068812	-0.073734	-0.078474	-0.082618	-0.085864	-0.088535	-0.090502	-0.091533	-0.091482	-0.090617	-0.088726	-0.085508	-0.081390	-0.078838	-0.074136	-0.062658	-0.038121	0.005818	0.054419																											
																																						0.102302	0.080578	0.047167	0.013899	-0.009595	-0.029176	-0.046659	-0.062155	-0.075760	-0.087442	-0.097148	-0.104829	-0.110287	-0.112992	-0.113849	-0.113965	-0.114216	-0.113967	-0.113188	-0.112040	-0.110667	-0.109033	-0.107042	-0.104605	-0.101649	-0.098218	-0.094326	-0.089974	-0.085100	-0.079493	-0.073496	-0.067535	-0.061894	-0.056157	-0.050594	-0.045615	-0.041570	-0.038324	-0.035706	-0.033579	-0.031843	-0.030611	-0.029831	-0.029421	-0.029335	-0.029700	-0.030392	-0.031241	-0.032152	-0.033354	-0.034637	-0.035713	-0.036369	-0.036818	-0.036989	-0.036744	-0.035922	-0.034413	-0.032525	-0.030614	-0.028920	-0.027105	-0.025380	-0.024066	-0.023399	-0.023130	-0.023356	-0.024255	-0.025991	-0.028544	-0.031776	-0.035552	-0.039827	-0.044903	-0.050422	-0.055916	-0.061063	-0.066286	-0.071343	-0.075855	-0.079553	-0.082765	-0.085323	-0.086948	-0.087434	-0.086985	-0.085536	-0.082956	-0.079868	-0.078826	-0.075802	-0.065812	-0.042303	0.000810	0.048861																											
																																						0.097095	0.075870	0.043599	0.011565	-0.011036	-0.029739	-0.046360	-0.061108	-0.074178	-0.085551	-0.095058	-0.102529	-0.107655	-0.109934	-0.110344	-0.110060	-0.110019	-0.109581	-0.108662	-0.107371	-0.105802	-0.103918	-0.101674	-0.099033	-0.095970	-0.092513	-0.088651	-0.084362	-0.079566	-0.074053	-0.068184	-0.062401	-0.057021	-0.051678	-0.046543	-0.041904	-0.038012	-0.034783	-0.032078	-0.029778	-0.027793	-0.026195	-0.024978	-0.024113	-0.023590	-0.023477	-0.023693	-0.024130	-0.024749	-0.025763	-0.026927	-0.027921	-0.028504	-0.028903	-0.029056	-0.028828	-0.028064	-0.026668	-0.024923	-0.023150	-0.021579	-0.019933	-0.018351	-0.017064	-0.016204	-0.015477	-0.015143	-0.015564	-0.017058	-0.019525	-0.022781	-0.026662	-0.031113	-0.036476	-0.042351	-0.048213	-0.053687	-0.059207	-0.064570	-0.069431	-0.073551	-0.077258	-0.080353	-0.082532	-0.083548	-0.083557	-0.082597	-0.080666	-0.078527	-0.078817	-0.077256	-0.068575	-0.046018	-0.003734	0.043720																											
																																						0.090847	0.069712	0.038987	0.008701	-0.012960	-0.030887	-0.046744	-0.060780	-0.073221	-0.084032	-0.093033	-0.100050	-0.104772	-0.106710	-0.106827	-0.106276	-0.105982	-0.105327	-0.104210	-0.102718	-0.100919	-0.098767	-0.096256	-0.093392	-0.090184	-0.086643	-0.082746	-0.078465	-0.073715	-0.068293	-0.062554	-0.056932	-0.051748	-0.046683	-0.041840	-0.037425	-0.033620	-0.030378	-0.027579	-0.025113	-0.022886	-0.020938	-0.019309	-0.018034	-0.017149	-0.016682	-0.016558	-0.016695	-0.017074	-0.017904	-0.018925	-0.019798	-0.020265	-0.020549	-0.020611	-0.020340	-0.019606	-0.018332	-0.016750	-0.015131	-0.013663	-0.012112	-0.010601	-0.009332	-0.008403	-0.007489	-0.006925	-0.007159	-0.008576	-0.011025	-0.014323	-0.018321	-0.022985	-0.028683	-0.034959	-0.041226	-0.047056	-0.052904	-0.058591	-0.063790	-0.068274	-0.072341	-0.075821	-0.078443	-0.079985	-0.080568	-0.080254	-0.079068	-0.077825	-0.079231	-0.078864	-0.071286	-0.049648	-0.008328	0.038329																											
																																					0.090762	0.083766	0.062304	0.033684	0.005816	-0.014844	-0.032152	-0.047422	-0.060853	-0.072616	-0.082637	-0.090843	-0.097179	-0.101447	-0.103148	-0.103144	-0.102486	-0.102018	-0.101176	-0.099867	-0.098166	-0.096124	-0.093677	-0.090859	-0.087725	-0.084325	-0.080642	-0.076649	-0.072322	-0.067586	-0.062249	-0.056642	-0.051167	-0.046128	-0.041251	-0.036597	-0.032311	-0.028525	-0.025217	-0.022284	-0.019624	-0.017140	-0.014828	-0.012791	-0.011136	-0.009969	-0.009290	-0.008993	-0.008969	-0.009177	-0.009844	-0.010707	-0.011423	-0.011719	-0.011791	-0.011651	-0.011251	-0.010527	-0.009413	-0.008062	-0.006652	-0.005294	-0.003787	-0.002289	-0.001025	-0.000112	0.000792	0.001348	0.001095	-0.000350	-0.002798	-0.006117	-0.010226	-0.015161	-0.021304	-0.028110	-0.034894	-0.041144	-0.047364	-0.053394	-0.058914	-0.063686	-0.067954	-0.071630	-0.074551	-0.076590	-0.077845	-0.078311	-0.077958	-0.077557	-0.079871	-0.080443	-0.073788	-0.053074	-0.012913	0.032680																											
																																					0.089510	0.076276	0.054306	0.027970	0.002750	-0.016879	-0.033597	-0.048305	-0.061128	-0.072150	-0.081247	-0.088499	-0.094031	-0.097811	-0.099326	-0.099290	-0.098606	-0.097995	-0.096968	-0.095454	-0.093529	-0.091236	-0.088488	-0.085357	-0.081948	-0.078347	-0.074512	-0.070412	-0.066030	-0.061297	-0.056043	-0.050563	-0.045218	-0.040289	-0.035542	-0.031009	-0.026792	-0.022988	-0.019593	-0.016517	-0.013665	-0.010937	-0.008291	-0.005884	-0.003895	-0.002492	-0.001661	-0.001252	-0.001115	-0.001174	-0.001678	-0.002370	-0.002909	-0.003014	-0.002842	-0.002465	-0.001910	-0.001189	-0.000249	0.000850	0.002031	0.003269	0.004740	0.006235	0.007478	0.008312	0.009090	0.009499	0.009107	0.007563	0.005082	0.001728	-0.002499	-0.007715	-0.014310	-0.021649	-0.028947	-0.035614	-0.042198	-0.048559	-0.054382	-0.059419	-0.063848	-0.067680	-0.070872	-0.073409	-0.075383	-0.076685	-0.077177	-0.077540	-0.080578	-0.081871	-0.075952	-0.056072	-0.017053	0.027451																											
																																					0.087434	0.068759	0.046351	0.022031	-0.000816	-0.019423	-0.035433	-0.049421	-0.061492	-0.071687	-0.079810	-0.086080	-0.090788	-0.094059	-0.095379	-0.095307	-0.094586	-0.093804	-0.092543	-0.090773	-0.088585	-0.086035	-0.083007	-0.079601	-0.075956	-0.072190	-0.068245	-0.064081	-0.059675	-0.054961	-0.049788	-0.044423	-0.039193	-0.034351	-0.029696	-0.025243	-0.021068	-0.017245	-0.013781	-0.010592	-0.007591	-0.004673	-0.001773	0.000918	0.003178	0.004804	0.005823	0.006402	0.006708	0.006829	0.006512	0.006006	0.005646	0.005714	0.006085	0.006644	0.007310	0.008019	0.008811	0.009698	0.010677	0.011793	0.013202	0.014651	0.015827	0.016534	0.017128	0.017329	0.016739	0.015040	0.012459	0.009011	0.004643	-0.000810	-0.007737	-0.015454	-0.023127	-0.030120	-0.037001	-0.043648	-0.049762	-0.055096	-0.059786	-0.063898	-0.067461	-0.070536	-0.073234	-0.075346	-0.076620	-0.077643	-0.081249	-0.083072	-0.077693	-0.058449	-0.020310	0.023355																											
																																					0.083254	0.061431	0.038849	0.015864	-0.005342	-0.022964	-0.037989	-0.050907	-0.061927	-0.071164	-0.078322	-0.083681	-0.087624	-0.090377	-0.091448	-0.091266	-0.090428	-0.089397	-0.087803	-0.085675	-0.083155	-0.080335	-0.077067	-0.073456	-0.069656	-0.065803	-0.061841	-0.057710	-0.053358	-0.048702	-0.043612	-0.038345	-0.033206	-0.028435	-0.023844	-0.019445	-0.015301	-0.011479	-0.007993	-0.004759	-0.001686	0.001331	0.004351	0.007190	0.009636	0.011500	0.012829	0.013749	0.014376	0.014756	0.014669	0.014362	0.014164	0.014354	0.014806	0.015408	0.016082	0.016760	0.017474	0.018248	0.019103	0.020098	0.021385	0.022702	0.023731	0.024269	0.024669	0.024662	0.023864	0.021965	0.019176	0.015525	0.010974	0.005377	-0.001643	-0.009438	-0.017213	-0.024365	-0.031422	-0.038283	-0.044681	-0.050399	-0.055573	-0.060238	-0.064391	-0.068076	-0.071457	-0.074270	-0.076192	-0.077742	-0.081779	-0.083971	-0.078932	-0.060048	-0.022354	0.020916																											
																																				0.107174	0.076985	0.053779	0.031139	0.008854	-0.011347	-0.027992	-0.041714	-0.053141	-0.062737	-0.070815	-0.076930	-0.081362	-0.084542	-0.086755	-0.087574	-0.087283	-0.086309	-0.084967	-0.082926	-0.080313	-0.077359	-0.074231	-0.070733	-0.066959	-0.063066	-0.059195	-0.055323	-0.051340	-0.047136	-0.042581	-0.037579	-0.032389	-0.027308	-0.022566	-0.017972	-0.013551	-0.009384	-0.005554	-0.002066	0.001169	0.004249	0.007274	0.010268	0.013098	0.015622	0.017724	0.019476	0.020897	0.021987	0.022697	0.022866	0.022757	0.022698	0.022957	0.023387	0.023916	0.024512	0.025155	0.025868	0.026641	0.027455	0.028339	0.029448	0.030546	0.031340	0.031648	0.031808	0.031551	0.030494	0.028321	0.025200	0.021224	0.016435	0.010774	0.003888	-0.003692	-0.011309	-0.018460	-0.025587	-0.032603	-0.039284	-0.045467	-0.051332	-0.056801	-0.061739	-0.066087	-0.070090	-0.073480	-0.075901	-0.077842	-0.082154	-0.084546	-0.079676	-0.060978	-0.023498	0.019593																											
																																				0.101093	0.069888	0.046271	0.023692	0.001824	-0.017680	-0.033366	-0.045680	-0.055482	-0.063534	-0.070391	-0.075443	-0.078948	-0.081364	-0.083021	-0.083562	-0.083131	-0.081992	-0.080305	-0.077774	-0.074632	-0.071217	-0.067781	-0.064085	-0.060195	-0.056255	-0.052406	-0.048662	-0.044862	-0.040833	-0.036392	-0.031477	-0.026354	-0.021317	-0.016589	-0.011968	-0.007501	-0.003298	0.000534	0.003995	0.007192	0.010233	0.013213	0.016103	0.018846	0.021393	0.023725	0.025937	0.027922	0.029533	0.030609	0.031062	0.031172	0.031256	0.031567	0.031924	0.032316	0.032786	0.033380	0.034116	0.034923	0.035723	0.036489	0.037392	0.038230	0.038746	0.038782	0.038656	0.038101	0.036741	0.034248	0.030733	0.026376	0.021331	0.015653	0.009027	0.001817	-0.005497	-0.012555	-0.019680	-0.026802	-0.033751	-0.040433	-0.047093	-0.053498	-0.059329	-0.064386	-0.069024	-0.072969	-0.075831	-0.078061	-0.082497	-0.084903	-0.079996	-0.061251	-0.023655	0.019583																											
																																				0.094955	0.063274	0.039552	0.017195	-0.004182	-0.022978	-0.037745	-0.048784	-0.057142	-0.063819	-0.069556	-0.073614	-0.076237	-0.077906	-0.078995	-0.079194	-0.078542	-0.077173	-0.075132	-0.072142	-0.068528	-0.064711	-0.061020	-0.057187	-0.053241	-0.049295	-0.045470	-0.041818	-0.038148	-0.034247	-0.029898	-0.025062	-0.020008	-0.015026	-0.010334	-0.005719	-0.001248	0.002948	0.006742	0.010137	0.013256	0.016225	0.019144	0.021933	0.024599	0.027173	0.029720	0.032360	0.034868	0.036976	0.038420	0.039192	0.039566	0.039833	0.040211	0.040496	0.040741	0.041067	0.041586	0.042304	0.043100	0.043847	0.044477	0.045172	0.045757	0.045995	0.045743	0.045299	0.044408	0.042715	0.039894	0.035994	0.031276	0.025997	0.020321	0.013973	0.007155	0.000166	-0.006769	-0.013852	-0.021040	-0.028225	-0.035395	-0.042852	-0.050206	-0.056956	-0.062766	-0.068130	-0.072725	-0.076067	-0.078523	-0.082940	-0.085156	-0.079959	-0.060845	-0.022637	0.021258																											
																																				0.091047	0.058118	0.034068	0.012172	-0.008305	-0.026087	-0.039979	-0.050081	-0.057454	-0.063173	-0.068034	-0.071238	-0.073055	-0.074006	-0.074507	-0.074257	-0.073242	-0.071541	-0.069150	-0.065799	-0.061852	-0.057772	-0.053926	-0.050056	-0.046138	-0.042230	-0.038406	-0.034737	-0.031054	-0.027157	-0.022843	-0.018073	-0.013103	-0.008213	-0.003614	0.000899	0.005264	0.009351	0.013033	0.016297	0.019288	0.022161	0.025034	0.027795	0.030475	0.033139	0.035891	0.038869	0.041785	0.044298	0.046098	0.047241	0.047962	0.048490	0.048985	0.049242	0.049375	0.049562	0.049969	0.050573	0.051239	0.051835	0.052288	0.052787	0.053152	0.053139	0.052593	0.051792	0.050520	0.048468	0.045337	0.041123	0.036130	0.030680	0.025009	0.018877	0.012368	0.005640	-0.001182	-0.008187	-0.015380	-0.022742	-0.030346	-0.038529	-0.046767	-0.054415	-0.061050	-0.067339	-0.072815	-0.076787	-0.079438	-0.083671	-0.085432	-0.079606	-0.059691	-0.020192	0.025062																											
																																			0.121393	0.087605	0.053446	0.029232	0.008148	-0.011035	-0.027524	-0.040530	-0.049948	-0.056706	-0.061805	-0.065973	-0.068422	-0.069474	-0.069705	-0.069569	-0.068730	-0.067182	-0.065020	-0.062254	-0.058605	-0.054435	-0.050210	-0.046315	-0.042538	-0.038777	-0.034987	-0.031151	-0.027349	-0.023493	-0.019463	-0.015125	-0.010407	-0.005539	-0.000787	0.003650	0.007952	0.012079	0.015932	0.019404	0.022444	0.025227	0.027953	0.030776	0.033566	0.036342	0.039165	0.042136	0.045414	0.048685	0.051576	0.053765	0.055376	0.056565	0.057460	0.058130	0.058391	0.058419	0.058454	0.058707	0.059115	0.059552	0.059902	0.060114	0.060378	0.060493	0.060192	0.059291	0.058040	0.056290	0.053808	0.050355	0.045870	0.040673	0.035121	0.029494	0.023594	0.017404	0.010966	0.004332	-0.002465	-0.009520	-0.016947	-0.024948	-0.033864	-0.043038	-0.051681	-0.059307	-0.066832	-0.073521	-0.078327	-0.081119	-0.084893	-0.085785	-0.078852	-0.057610	-0.016068	0.031302																											
																																			0.119856	0.084693	0.049581	0.025381	0.005233	-0.012578	-0.027755	-0.039932	-0.048827	-0.055182	-0.059856	-0.063453	-0.065229	-0.065572	-0.065111	-0.064335	-0.062855	-0.060700	-0.058023	-0.054882	-0.050978	-0.046652	-0.042349	-0.038454	-0.034821	-0.031261	-0.027618	-0.023771	-0.019803	-0.015725	-0.011519	-0.007137	-0.002462	0.002301	0.006908	0.011165	0.015228	0.019082	0.022667	0.025898	0.028681	0.031226	0.033783	0.036546	0.039373	0.042258	0.045242	0.048410	0.051936	0.055502	0.058725	0.061291	0.063388	0.065079	0.066372	0.067229	0.067498	0.067420	0.067292	0.067367	0.067534	0.067689	0.067754	0.067714	0.067759	0.067651	0.067084	0.065831	0.064115	0.061866	0.058940	0.055167	0.050428	0.045053	0.039418	0.033841	0.028167	0.022285	0.016130	0.009685	0.003105	-0.003801	-0.011277	-0.019660	-0.029284	-0.039368	-0.048992	-0.057621	-0.066438	-0.074400	-0.080061	-0.082939	-0.086148	-0.086017	-0.077770	-0.054911	-0.010853	0.039125																											
																																			0.119049	0.082918	0.047158	0.023043	0.003688	-0.013000	-0.027108	-0.038601	-0.047067	-0.053090	-0.057405	-0.060508	-0.061694	-0.061407	-0.060324	-0.058967	-0.056889	-0.054165	-0.051005	-0.047522	-0.043399	-0.038947	-0.034582	-0.030679	-0.027148	-0.023734	-0.020203	-0.016352	-0.012274	-0.008047	-0.003726	0.000679	0.005312	0.009991	0.014483	0.018603	0.022487	0.026138	0.029518	0.032556	0.035126	0.037467	0.039868	0.042560	0.045385	0.048323	0.051401	0.054698	0.058391	0.062165	0.065635	0.068502	0.071011	0.073134	0.074767	0.075774	0.076032	0.075842	0.075549	0.075441	0.075355	0.075222	0.075017	0.074774	0.074689	0.074466	0.073740	0.072220	0.070122	0.067448	0.064133	0.060067	0.055076	0.049503	0.043754	0.038188	0.032687	0.027051	0.021102	0.014747	0.008237	0.001331	-0.006297	-0.015062	-0.025310	-0.036165	-0.046605	-0.056058	-0.065923	-0.074906	-0.081233	-0.084149	-0.086895	-0.085904	-0.076465	-0.051969	-0.005237																												
																																			0.119412	0.082856	0.046823	0.022797	0.003857	-0.012253	-0.025778	-0.036819	-0.044904	-0.050561	-0.054486	-0.057138	-0.057810	-0.056986	-0.055382	-0.053545	-0.050992	-0.047821	-0.044279	-0.040514	-0.036206	-0.031635	-0.027190	-0.023223	-0.019666	-0.016258	-0.012745	-0.008914	-0.004868	-0.000683	0.003594	0.007957	0.012545	0.017179	0.021625	0.025702	0.029551	0.033167	0.036498	0.039459	0.041919	0.044139	0.046428	0.049031	0.051771	0.054640	0.057683	0.060993	0.064743	0.068610	0.072206	0.075244	0.078013	0.080414	0.082257	0.083330	0.083534	0.083213	0.082754	0.082467	0.082135	0.081738	0.081318	0.080977	0.080925	0.080780	0.080082	0.078460	0.076148	0.073205	0.069617	0.065307	0.060050	0.054223	0.048288	0.042665	0.037275	0.031804	0.025948	0.019503	0.012769	0.005549	-0.002448	-0.011620	-0.022359	-0.033746	-0.044702	-0.054633	-0.065036	-0.074509	-0.081138	-0.084082	-0.086764	-0.085460	-0.075247	-0.049141	0.000616																												
																																			0.120771	0.084500	0.048722	0.024889	0.006065	-0.009954	-0.023355	-0.034188	-0.042010	-0.047363	-0.050945	-0.053217	-0.053447	-0.052150	-0.050087	-0.047831	-0.044862	-0.041299	-0.037427	-0.033427	-0.028985	-0.024338	-0.019831	-0.015771	-0.012092	-0.008574	-0.005009	-0.001235	0.002629	0.006579	0.010648	0.014901	0.019441	0.024066	0.028531	0.032653	0.036603	0.040337	0.043756	0.046734	0.049158	0.051306	0.053497	0.055980	0.058549	0.061232	0.064115	0.067327	0.071018	0.074860	0.078468	0.081566	0.084483	0.087055	0.089014	0.090078	0.090170	0.089674	0.089016	0.088520	0.087905	0.087222	0.086607	0.086263	0.086420	0.086569	0.086107	0.084539	0.082153	0.079060	0.075287	0.070776	0.065242	0.059124	0.052966	0.047282	0.042041	0.036771	0.030988	0.024320	0.017076	0.009216	0.000606	-0.009022	-0.020143	-0.031856	-0.043074	-0.053190	-0.063682	-0.073187	-0.079831	-0.082925	-0.086260	-0.085471	-0.074847	-0.046414	0.008406																												
																																			0.122919	0.087283	0.052014	0.028413	0.009534	-0.006662	-0.020191	-0.030958	-0.038587	-0.043674	-0.046955	-0.048913	-0.048784	-0.047104	-0.044665	-0.042062	-0.038742	-0.034847	-0.030693	-0.026496	-0.021949	-0.017246	-0.012680	-0.008510	-0.004655	-0.000964	0.002695	0.006408	0.010037	0.013680	0.017483	0.021604	0.026098	0.030734	0.035252	0.039463	0.043578	0.047505	0.051081	0.054131	0.056573	0.058692	0.060809	0.063165	0.065527	0.067964	0.070620	0.073665	0.077217	0.080948	0.084481	0.087557	0.090533	0.093192	0.095198	0.096213	0.096178	0.095510	0.094661	0.093962	0.093067	0.092106	0.091324	0.091029	0.091481	0.092024	0.091896	0.090471	0.088104	0.084947	0.081053	0.076371	0.070560	0.064126	0.057701	0.051895	0.046718	0.041547	0.035730	0.028724	0.020820	0.012173	0.002859	-0.007219	-0.018629	-0.030517	-0.041818	-0.051921	-0.062239	-0.071499	-0.077944	-0.081095	-0.085080	-0.084875	-0.073979	-0.043449	0.016031																												
																																			0.125692	0.090616	0.055774	0.032347	0.013355	-0.003076	-0.016780	-0.027507	-0.034939	-0.039750	-0.042740	-0.044441	-0.044054	-0.042112	-0.039414	-0.036559	-0.032979	-0.028833	-0.024460	-0.020098	-0.015448	-0.010671	-0.006025	-0.001730	0.002315	0.006195	0.009972	0.013660	0.017105	0.020498	0.024084	0.028101	0.032560	0.037209	0.041777	0.046078	0.050354	0.054469	0.058207	0.061350	0.063851	0.065991	0.068077	0.070328	0.072494	0.074689	0.077108	0.079961	0.083333	0.086901	0.090302	0.093296	0.096254	0.098922	0.100922	0.101879	0.101754	0.100973	0.099997	0.099149	0.098031	0.096849	0.095941	0.095711	0.096439	0.097348	0.097539	0.096273	0.093976	0.090819	0.086853	0.082016	0.075935	0.069169	0.062416	0.056351	0.050994	0.045643	0.039560	0.032110	0.023536	0.014149	0.004200	-0.006258	-0.017871	-0.029830	-0.041099	-0.051079	-0.061129	-0.070036	-0.076118	-0.078976	-0.082755	-0.082327	-0.071082	-0.039896																													
																																			0.129022	0.094078	0.059302	0.035908	0.016833	0.000280	-0.013479	-0.024091	-0.031247	-0.035713	-0.038382	-0.039869	-0.039344	-0.037300	-0.034502	-0.031523	-0.027808	-0.023524	-0.019014	-0.014520	-0.009744	-0.004842	-0.000068	0.004368	0.008583	0.012630	0.016531	0.020259	0.023659	0.026963	0.030467	0.034444	0.038879	0.043518	0.048101	0.052452	0.056821	0.061050	0.064899	0.068131	0.070732	0.072958	0.075077	0.077277	0.079305	0.081311	0.083529	0.086196	0.089366	0.092730	0.095950	0.098808	0.101665	0.104257	0.106200	0.107116	0.106982	0.106206	0.105220	0.104319	0.103085	0.101780	0.100806	0.100632	0.101546	0.102694	0.103100	0.101968	0.099781	0.096689	0.092704	0.087729	0.081403	0.074303	0.067142	0.060596	0.054637	0.048627	0.041905	0.033891	0.024757	0.014854	0.004498	-0.006206	-0.017924	-0.029874	-0.041034	-0.050828	-0.060628	-0.069181	-0.074762	-0.076757	-0.078731	-0.076545	-0.064792	-0.035714																													
																																			0.133217	0.098161	0.063229	0.039764	0.020574	0.003905	-0.009879	-0.020334	-0.027118	-0.031133	-0.033422	-0.034736	-0.034208	-0.032244	-0.029531	-0.026580	-0.022886	-0.018611	-0.014076	-0.009501	-0.004583	0.000494	0.005445	0.010042	0.014426	0.018638	0.022674	0.026489	0.029929	0.033244	0.036742	0.040704	0.045093	0.049678	0.054226	0.058587	0.062999	0.067296	0.071231	0.074576	0.077349	0.079755	0.081995	0.084200	0.086136	0.087985	0.090005	0.092449	0.095334	0.098385	0.101307	0.103915	0.106531	0.108911	0.110705	0.111572	0.111507	0.110857	0.109988	0.109129	0.107874	0.106535	0.105564	0.105477	0.106555	0.107908	0.108520	0.107576	0.105626	0.102752	0.098872	0.093824	0.087310	0.079889	0.072234	0.064946	0.057882	0.050632	0.042806	0.034051	0.024423	0.014202	0.003659	-0.007131	-0.018807	-0.030591	-0.041478	-0.050911	-0.060292	-0.068309	-0.073167	-0.073833	-0.072662	-0.067547	-0.055573	-0.031902																													
																																			0.137935	0.102630	0.067414	0.043809	0.024464	0.007658	-0.006169	-0.016483	-0.022897	-0.026461	-0.028391	-0.029588	-0.029153	-0.027383	-0.024864	-0.022028	-0.018435	-0.014240	-0.009732	-0.005103	-0.000042	0.005227	0.010379	0.015149	0.019710	0.024097	0.028290	0.032232	0.035782	0.039186	0.042745	0.046734	0.051099	0.055638	0.060155	0.064527	0.068972	0.073323	0.077339	0.080808	0.083786	0.086410	0.088807	0.091038	0.092898	0.094600	0.096423	0.098634	0.101213	0.103921	0.106512	0.108830	0.111146	0.113255	0.114860	0.115678	0.115719	0.115253	0.114561	0.113798	0.112583	0.111269	0.110341	0.110343	0.111545	0.113043	0.113812	0.113047	0.111358	0.108735	0.104986	0.099864	0.093159	0.085397	0.077188	0.069033	0.060649	0.051912	0.042782	0.033197	0.023081	0.012597	0.001940	-0.008875	-0.020439	-0.031978	-0.042507	-0.051507	-0.060438	-0.067871	-0.071870	-0.070822	-0.065563	-0.056592	-0.044170																														
																																				0.107094	0.071521	0.047727	0.028203	0.011239	-0.002666	-0.012910	-0.019062	-0.022299	-0.023979	-0.025135	-0.024845	-0.023305	-0.021001	-0.018290	-0.014789	-0.010653	-0.006155	-0.001469	0.003725	0.009173	0.014515	0.019463	0.024212	0.028790	0.033169	0.037285	0.041008	0.044576	0.048275	0.052361	0.056776	0.061342	0.065890	0.070315	0.074819	0.079238	0.083340	0.086928	0.090088	0.092903	0.095430	0.097673	0.099445	0.100992	0.102628	0.104638	0.106974	0.109416	0.111746	0.113827	0.115888	0.117762	0.119205	0.119989	0.120133	0.119840	0.119316	0.118658	0.117513	0.116255	0.115377	0.115427	0.116668	0.118202	0.119014	0.118321	0.116780	0.114297	0.110579	0.105300	0.098326	0.090161	0.081371	0.072380	0.062781	0.052693	0.042364	0.031972	0.021317	0.010488	-0.000363	-0.011252	-0.022734	-0.034052	-0.044251	-0.052878	-0.061528	-0.068527	-0.071643	-0.068548	-0.058600	-0.044983	-0.031218																														
																																				0.111705	0.075313	0.051113	0.031393	0.014335	0.000385	-0.009885	-0.015984	-0.019137	-0.020773	-0.021991	-0.021870	-0.020537	-0.018407	-0.015773	-0.012283	-0.008113	-0.003551	0.001222	0.006532	0.012125	0.017633	0.022762	0.027718	0.032520	0.037130	0.041476	0.045444	0.049257	0.053184	0.057469	0.062059	0.066781	0.071471	0.076030	0.080653	0.085180	0.089383	0.093074	0.096359	0.099285	0.101873	0.104082	0.105722	0.107087	0.108544	0.110423	0.112653	0.114998	0.117234	0.119211	0.121144	0.122896	0.124257	0.125033	0.125244	0.125058	0.124642	0.124064	0.123007	0.121827	0.120988	0.121017	0.122173	0.123585	0.124262	0.123453	0.121832	0.119252	0.115354	0.109761	0.102363	0.093684	0.084300	0.074629	0.064205	0.053232	0.042067	0.030968	0.019650	0.008235	-0.003062	-0.014199	-0.025736	-0.036968	-0.046992	-0.055486	-0.064323	-0.071327	-0.073659	-0.068063	-0.052695	-0.033270																															
																																				0.118279	0.079086	0.053610	0.033661	0.016856	0.003197	-0.007105	-0.013347	-0.016677	-0.018504	-0.019922	-0.020050	-0.018968	-0.017031	-0.014478	-0.010970	-0.006719	-0.002048	0.002832	0.008263	0.014000	0.019682	0.025025	0.030235	0.035322	0.040235	0.044895	0.049207	0.053377	0.057646	0.062238	0.067116	0.072107	0.077038	0.081803	0.086597	0.091267	0.095592	0.099396	0.102794	0.105808	0.108427	0.110574	0.112031	0.113165	0.114427	0.116224	0.118465	0.120864	0.123147	0.125117	0.126999	0.128690	0.130012	0.130799	0.131062	0.130952	0.130625	0.130150	0.129252	0.128228	0.127472	0.127439	0.128402	0.129541	0.129918	0.128832	0.126952	0.124088	0.119836	0.113774	0.105782	0.096442	0.086400	0.076135	0.065174	0.053668	0.041919	0.030117	0.017920	0.005594	-0.006480	-0.018109	-0.029885	-0.041212	-0.051286	-0.060043	-0.069903	-0.077703	-0.079404	-0.070248	-0.047191	-0.019049																															
																																				0.124243	0.082682	0.056100	0.035902	0.019234	0.005731	-0.004704	-0.011203	-0.014826	-0.016944	-0.018626	-0.019036	-0.018219	-0.016476	-0.013997	-0.010443	-0.006076	-0.001269	0.003723	0.009258	0.015114	0.020951	0.026502	0.031967	0.037347	0.042582	0.047593	0.052304	0.056896	0.061576	0.066544	0.071789	0.077126	0.082364	0.087380	0.092375	0.097203	0.101653	0.105555	0.109029	0.112085	0.114695	0.116760	0.118024	0.118928	0.120012	0.121765	0.124087	0.126623	0.129032	0.131060	0.132953	0.134637	0.135960	0.136774	0.137078	0.137022	0.136761	0.136382	0.135655	0.134801	0.134116	0.133971	0.134650	0.135404	0.135363	0.133884	0.131617	0.128339	0.123621	0.117007	0.108348	0.098298	0.087588	0.076782	0.065425	0.053558	0.041368	0.028917	0.015822	0.002531	-0.010374	-0.022520	-0.034551	-0.045981	-0.056109	-0.065138	-0.076068	-0.084695	-0.085724	-0.072877	-0.042041																																
																																					0.085844	0.059611	0.039165	0.021950	0.007879	-0.002914	-0.009698	-0.013580	-0.015939	-0.017857	-0.018519	-0.017930	-0.016344	-0.013904	-0.010265	-0.005744	-0.000781	0.004313	0.009909	0.015824	0.021754	0.027461	0.033125	0.038743	0.044258	0.049597	0.054704	0.059726	0.064835	0.070203	0.075856	0.081588	0.087173	0.092458	0.097659	0.102642	0.107196	0.111156	0.114628	0.117637	0.120174	0.122143	0.123247	0.123978	0.124942	0.126688	0.129113	0.131805	0.134365	0.136491	0.138455	0.140197	0.141568	0.142426	0.142763	0.142733	0.142499	0.142165	0.141543	0.140781	0.140089	0.139757	0.140078	0.140372	0.139839	0.137892	0.135149	0.131374	0.126131	0.118953	0.109661	0.098962	0.087647	0.076343	0.064604	0.052397	0.039826	0.026864	0.013086	-0.000915	-0.014391	-0.026832	-0.038938	-0.050286	-0.060223	-0.069086	-0.080192	-0.088782	-0.088880	-0.073357	-0.037399																																
																																					0.088133	0.065081	0.044402	0.025332	0.009338	-0.002171	-0.009169	-0.013101	-0.015480	-0.017507	-0.018318	-0.017865	-0.016358	-0.013891	-0.010103	-0.005381	-0.000242	0.004929	0.010516	0.016392	0.022309	0.028072	0.033827	0.039575	0.045274	0.050868	0.056312	0.061722	0.067234	0.072997	0.079085	0.085251	0.091213	0.096776	0.102187	0.107312	0.111940	0.115888	0.119231	0.122052	0.124412	0.126270	0.127286	0.127955	0.128894	0.130671	0.133187	0.136007	0.138704	0.140958	0.143067	0.144955	0.146447	0.147380	0.147758	0.147738	0.147487	0.147113	0.146452	0.145615	0.144763	0.144138	0.144030	0.143811	0.142740	0.140276	0.136995	0.132669	0.126884	0.119186	0.109384	0.098186	0.086388	0.074613	0.062394	0.049730	0.036767	0.023504	0.009470	-0.004706	-0.018222	-0.030532	-0.042391	-0.053338	-0.062664	-0.070599	-0.080260	-0.087261	-0.086077	-0.069981																																	
																																					0.088889	0.072345	0.051427	0.028946	0.009423	-0.003205	-0.010287	-0.013962	-0.016049	-0.018002	-0.018833	-0.018405	-0.016879	-0.014295	-0.010265	-0.005266	0.000087	0.005318	0.010814	0.016535	0.022322	0.028046	0.033797	0.039583	0.045387	0.051179	0.056912	0.062678	0.068587	0.074781	0.081391	0.088100	0.094540	0.100446	0.106121	0.111426	0.116123	0.119991	0.123045	0.125486	0.127520	0.129225	0.130210	0.130917	0.131932	0.133792	0.136419	0.139380	0.142247	0.144706	0.147088	0.149266	0.151005	0.152094	0.152577	0.152606	0.152331	0.151849	0.151007	0.149911	0.148721	0.147668	0.147014	0.146179	0.144476	0.141400	0.137483	0.132520	0.126137	0.117918	0.107674	0.096072	0.083869	0.071639	0.058862	0.045656	0.032307	0.018936	0.005034	-0.008843	-0.021957	-0.033834	-0.045262	-0.055664	-0.064201	-0.070799	-0.077976	-0.082447	-0.080019	-0.065410																																	
																																						0.080685	0.059536	0.033042	0.009350	-0.004607	-0.011821	-0.015237	-0.017011	-0.018882	-0.019711	-0.019278	-0.017703	-0.014975	-0.010673	-0.005368	0.000213	0.005490	0.010857	0.016369	0.021966	0.027598	0.033284	0.039048	0.044910	0.050871	0.056886	0.063013	0.069330	0.075967	0.083120	0.090397	0.097331	0.103580	0.109508	0.114972	0.119710	0.123455	0.126153	0.128144	0.129801	0.131349	0.132341	0.133147	0.134294	0.136269	0.139019	0.142126	0.145172	0.147860	0.150558	0.153072	0.155088	0.156333	0.156892	0.156926	0.156575	0.155929	0.154838	0.153411	0.151813	0.150267	0.149009	0.147500	0.145106	0.141358	0.136728	0.131056	0.124029	0.115292	0.104658	0.092732	0.080203	0.067564	0.054236	0.040498	0.026818	0.013483	-0.000061	-0.013362	-0.025785	-0.036965	-0.047737	-0.057352	-0.064772	-0.069477	-0.073083	-0.073955	-0.069895																																		
																																						0.089403	0.068046	0.038013	0.010597	-0.004684	-0.012284	-0.015784	-0.017562	-0.019536	-0.020465	-0.020087	-0.018505	-0.015683	-0.011149	-0.005568	0.000221	0.005535	0.010778	0.016096	0.021513	0.027042	0.032636	0.038345	0.044240	0.050373	0.056703	0.063232	0.069977	0.077031	0.084661	0.092418	0.099754	0.106262	0.112346	0.117874	0.122587	0.126198	0.128582	0.130191	0.131538	0.132969	0.133996	0.134922	0.136212	0.138303	0.141169	0.144407	0.147602	0.150475	0.153428	0.156205	0.158413	0.159710	0.160206	0.160097	0.159554	0.158696	0.157372	0.155663	0.153704	0.151687	0.149836	0.147659	0.144572	0.140135	0.134751	0.128322	0.120626	0.111390	0.100423	0.088251	0.075485	0.062522	0.048734	0.034560	0.020652	0.007452	-0.005662	-0.018302	-0.029878	-0.040097	-0.049902	-0.058328	-0.064084	-0.066075	-0.064795	-0.060680	-0.054036																																		
																																							0.077194	0.044604	0.014476	-0.002107	-0.010541	-0.014715	-0.017041	-0.019461	-0.020704	-0.020522	-0.019044	-0.016234	-0.011555	-0.005758	0.000208	0.005561	0.010736	0.015936	0.021241	0.026695	0.032186	0.037819	0.043738	0.050076	0.056809	0.063836	0.071058	0.078481	0.086445	0.094492	0.102037	0.108638	0.114690	0.120109	0.124686	0.128168	0.130374	0.131798	0.133009	0.134407	0.135497	0.136539	0.137953	0.140142	0.143109	0.146447	0.149732	0.152686	0.155749	0.158613	0.160820	0.161958	0.162116	0.161588	0.160651	0.159528	0.158066	0.156246	0.154093	0.151705	0.149338	0.146553	0.142814	0.137698	0.131524	0.124289	0.115897	0.106192	0.094969	0.082656	0.069766	0.056597	0.042495	0.028034	0.014013	0.000977	-0.011819	-0.023927	-0.034650	-0.043667	-0.052175	-0.058899	-0.062145	-0.060024	-0.051628	-0.040057																																			
																																							0.090032	0.054071	0.020637	0.002129	-0.007591	-0.012738	-0.015843	-0.018940	-0.020681	-0.020830	-0.019549	-0.016812	-0.011998	-0.005960	0.000222	0.005655	0.010825	0.015978	0.021221	0.026603	0.031937	0.037424	0.043331	0.049918	0.057198	0.064895	0.072713	0.080497	0.088682	0.096844	0.104410	0.110930	0.116739	0.121841	0.126138	0.129467	0.131600	0.133004	0.134236	0.135694	0.136908	0.138107	0.139671	0.141975	0.145052	0.148483	0.151821	0.154781	0.157851	0.160666	0.162693	0.163429	0.162888	0.161556	0.159931	0.158448	0.156948	0.155209	0.153047	0.150387	0.147568	0.144213	0.139825	0.133987	0.126896	0.118707	0.109520	0.099365	0.088018	0.075747	0.062901	0.049628	0.035284	0.020579	0.006448	-0.006493	-0.019203	-0.031020	-0.040960	-0.048599	-0.055708	-0.060350	-0.059964	-0.051214	-0.031083	-0.006931																																			
																																								0.063994	0.028235	0.008020	-0.003237	-0.009797	-0.014101	-0.018098	-0.020450	-0.020992	-0.019956	-0.017356	-0.012473	-0.006252	0.000102	0.005593	0.010762	0.015884	0.021080	0.026389	0.031552	0.036876	0.042756	0.049589	0.057432	0.065813	0.074224	0.082331	0.090661	0.098844	0.106339	0.112697	0.118173	0.122875	0.126837	0.130011	0.132123	0.133586	0.134912	0.136467	0.137822	0.139183	0.140894	0.143303	0.146475	0.149975	0.153329	0.156240	0.159243	0.161922	0.163680	0.163920	0.162570	0.160322	0.157925	0.156048	0.154524	0.152906	0.150777	0.147867	0.144612	0.140700	0.135674	0.129115	0.121096	0.111939	0.101955	0.091372	0.079940	0.067764	0.055034	0.041746	0.027275	0.012458	-0.001643	-0.014356	-0.026870	-0.038273	-0.047249	-0.053224	-0.058547	-0.060661	-0.056186	-0.040361	-0.007977																																				
																																								0.071470	0.036492	0.015872	0.003032	-0.005621	-0.011836	-0.016979	-0.019987	-0.020912	-0.020127	-0.017749	-0.012946	-0.006712	-0.000336	0.005115	0.010222	0.015276	0.020405	0.025641	0.030678	0.035891	0.041764	0.048787	0.057053	0.065949	0.074802	0.083146	0.091578	0.099769	0.107195	0.113407	0.118596	0.122957	0.126634	0.129677	0.131779	0.133300	0.134708	0.136337	0.137795	0.139271	0.141078	0.143546	0.146765	0.150286	0.153612	0.156434	0.159314	0.161813	0.163295	0.163115	0.161131	0.158177	0.155170	0.152937	0.151315	0.149693	0.147484	0.144269	0.140548	0.136073	0.130430	0.123218	0.114408	0.104440	0.093784	0.082804	0.071207	0.059019	0.046355	0.033139	0.018725	0.004050	-0.009707	-0.021816	-0.033634	-0.044082	-0.051623	-0.055519	-0.058302	-0.057334	-0.049092	-0.028246																																					
																																									0.044637	0.026037	0.011720	-0.000038	-0.009246	-0.015821	-0.019434	-0.020607	-0.019988	-0.017911	-0.013406	-0.007431	-0.001282	0.003971	0.008911	0.013832	0.018864	0.024043	0.029065	0.034300	0.040228	0.047342	0.055758	0.064828	0.073840	0.082295	0.090820	0.099079	0.106529	0.112701	0.117766	0.121966	0.125499	0.128461	0.130526	0.132032	0.133434	0.135057	0.136523	0.138011	0.139818	0.142262	0.145448	0.148918	0.152165	0.154863	0.157574	0.159874	0.161150	0.160775	0.158606	0.155460	0.152237	0.149755	0.147872	0.145959	0.143399	0.139744	0.135476	0.130401	0.124169	0.116421	0.107081	0.096608	0.085508	0.074160	0.062207	0.049744	0.036980	0.023894	0.009739	-0.004470	-0.017442	-0.028356	-0.038632	-0.047199	-0.052506	-0.053619	-0.052431	-0.047352	-0.036149																																						
																																									0.052564	0.038739	0.022888	0.006656	-0.006943	-0.015297	-0.019347	-0.020452	-0.019739	-0.017951	-0.013930	-0.008477	-0.002785	0.002160	0.006894	0.011688	0.016663	0.021860	0.027025	0.032456	0.038538	0.045679	0.054004	0.062940	0.071850	0.080304	0.088919	0.097303	0.104861	0.111079	0.116150	0.120331	0.123829	0.126749	0.128756	0.130193	0.131515	0.133050	0.134420	0.135801	0.137497	0.139828	0.142904	0.146257	0.149368	0.151892	0.154352	0.156396	0.157498	0.157131	0.155211	0.152378	0.149324	0.146686	0.144368	0.141861	0.138665	0.134411	0.129487	0.123744	0.116910	0.108700	0.099036	0.088307	0.076940	0.065221	0.052719	0.039723	0.026666	0.013689	-0.000154	-0.013743	-0.025621	-0.034820	-0.042813	-0.048604	-0.050710	-0.047783	-0.040070	-0.028590																																							
																																										0.053326	0.035950	0.014685	-0.003912	-0.014271	-0.018844	-0.019930	-0.019187	-0.017804	-0.014425	-0.009668	-0.004590	-0.000067	0.004378	0.008985	0.013861	0.019056	0.024392	0.030057	0.036301	0.043401	0.051485	0.060105	0.068755	0.077119	0.085779	0.094275	0.101948	0.108234	0.113368	0.117601	0.121125	0.124031	0.125989	0.127348	0.128574	0.130000	0.131237	0.132471	0.134010	0.136185	0.139100	0.142286	0.145219	0.147534	0.149698	0.151454	0.152390	0.152113	0.150624	0.148316	0.145596	0.142846	0.140022	0.136801	0.132859	0.127960	0.122359	0.115953	0.108552	0.099962	0.090129	0.079320	0.067827	0.055779	0.042649	0.029011	0.015623	0.002866	-0.010432	-0.023089	-0.033515	-0.040600	-0.045773	-0.048239	-0.046730	-0.039530	-0.024913	-0.006898																																							
																																										0.069052	0.050275	0.024372	0.001090	-0.011356	-0.016828	-0.018391	-0.018069	-0.017363	-0.014771	-0.010795	-0.006414	-0.002441	0.001562	0.005824	0.010451	0.015513	0.020898	0.026686	0.032991	0.039963	0.047740	0.055989	0.064321	0.072522	0.081139	0.089657	0.097373	0.103691	0.108879	0.113175	0.116747	0.119661	0.121602	0.122923	0.124092	0.125445	0.126592	0.127717	0.129128	0.131150	0.133886	0.136874	0.139600	0.141694	0.143566	0.145039	0.145802	0.145578	0.144441	0.142569	0.140122	0.137253	0.133966	0.130103	0.125497	0.120030	0.113837	0.106856	0.098985	0.090119	0.080233	0.069465	0.057964	0.045681	0.031967	0.017737	0.004140	-0.008118	-0.020407	-0.031605	-0.040128	-0.044801	-0.046808	-0.045745	-0.040832	-0.030367	-0.011075																																								
																																											0.066421	0.036460	0.009037	-0.005720	-0.012781	-0.015646	-0.016456	-0.016797	-0.015070	-0.011820	-0.008103	-0.004795	-0.001440	0.002232	0.006360	0.011059	0.016247	0.021919	0.028095	0.034840	0.042312	0.050236	0.058273	0.066255	0.074701	0.083087	0.090708	0.096968	0.102149	0.106470	0.110076	0.113017	0.114994	0.116355	0.117556	0.118926	0.120098	0.121232	0.122611	0.124532	0.127095	0.129869	0.132374	0.134256	0.135892	0.137133	0.137712	0.137406	0.136325	0.134546	0.132115	0.129084	0.125479	0.121214	0.116194	0.110344	0.103731	0.096341	0.088140	0.079095	0.069209	0.058512	0.047035	0.034564	0.020266	0.005467	-0.008196	-0.019588	-0.030205	-0.039186	-0.045179	-0.047052	-0.045370	-0.040512	-0.032702	-0.021069																																									
																																												0.052424	0.019178	0.000923	-0.008516	-0.013191	-0.015453	-0.017021	-0.016061	-0.013299	-0.010053	-0.007428	-0.004887	-0.002041	0.001352	0.005497	0.010303	0.015687	0.021590	0.028013	0.035146	0.042735	0.050456	0.058145	0.066302	0.074424	0.081836	0.087973	0.093113	0.097450	0.101100	0.104093	0.106151	0.107615	0.108921	0.110392	0.111696	0.112953	0.114392	0.116257	0.118646	0.121184	0.123451	0.125146	0.126616	0.127700	0.128126	0.127669	0.126447	0.124528	0.121944	0.118736	0.114934	0.110458	0.105215	0.099130	0.092248	0.084584	0.076138	0.066926	0.056997	0.046269	0.034643	0.021686	0.006252	-0.009699	-0.023769	-0.034150	-0.042521	-0.048451	-0.050984	-0.049016	-0.041915	-0.031628	-0.020376																																										
																																													0.031540	0.010026	-0.002134	-0.009219	-0.013516	-0.016647	-0.016656	-0.014528	-0.011889	-0.010109	-0.008548	-0.006688	-0.004185	-0.000738	0.003543	0.008505	0.014020	0.020032	0.026772	0.033989	0.041351	0.048681	0.056456	0.064218	0.071343	0.077310	0.082393	0.086747	0.090454	0.093518	0.095694	0.097303	0.098759	0.100370	0.101851	0.103272	0.104800	0.106616	0.108814	0.111086	0.113088	0.114579	0.115881	0.116806	0.117058	0.116390	0.114916	0.112731	0.109904	0.106504	0.102556	0.097957	0.092591	0.086360	0.079301	0.071462	0.062887	0.053640	0.043815	0.033222	0.021632	0.008400	-0.007944	-0.024794	-0.038985	-0.048005	-0.053635	-0.056012	-0.054736	-0.048847	-0.036383	-0.020919																																											
																																														0.023629	0.008895	-0.001392	-0.008696	-0.013944	-0.015494	-0.014608	-0.013102	-0.012506	-0.012100	-0.011314	-0.009769	-0.007132	-0.003495	0.000932	0.005957	0.011477	0.017762	0.024556	0.031510	0.038423	0.045750	0.053086	0.059869	0.065638	0.070654	0.075031	0.078805	0.081954	0.084272	0.086056	0.087680	0.089429	0.091064	0.092618	0.094199	0.095934	0.097910	0.099885	0.101577	0.102804	0.103855	0.104528	0.104521	0.103576	0.101792	0.099295	0.096189	0.092574	0.088464	0.083740	0.078273	0.071941	0.064738	0.056795	0.048249	0.039258	0.029912	0.019933	0.009005	-0.003657	-0.019702	-0.036147	-0.049374	-0.056394	-0.058847	-0.057537	-0.052800	-0.044115																																													
																																															0.028849	0.013926	0.001788	-0.006670	-0.010997	-0.012690	-0.013446	-0.014679	-0.015653	-0.015937	-0.015304	-0.013533	-0.010607	-0.006769	-0.002284	0.002692	0.008471	0.014794	0.021294	0.027742	0.034568	0.041428	0.047832	0.053386	0.058343	0.062761	0.066624	0.069873	0.072358	0.074338	0.076130	0.077978	0.079688	0.081273	0.082811	0.084396	0.086109	0.087747	0.089075	0.089939	0.090591	0.090848	0.090445	0.089150	0.087049	0.084259	0.080875	0.076989	0.072601	0.067620	0.061948	0.055454	0.048005	0.039910	0.031532	0.023216	0.014944	0.006396	-0.002759	-0.013289	-0.026740	-0.040284	-0.050496	-0.054394	-0.053000	-0.047935	-0.040580																																														
																																																0.041509	0.021076	0.007174	-0.002227	-0.008820	-0.013755	-0.017927	-0.020638	-0.021923	-0.022033	-0.021116	-0.018859	-0.015532	-0.011512	-0.007049	-0.001758	0.004097	0.010126	0.016068	0.022306	0.028590	0.034541	0.039865	0.044798	0.049319	0.053333	0.056729	0.059433	0.061654	0.063634	0.065558	0.067272	0.068796	0.070200	0.071571	0.072977	0.074241	0.075154	0.075579	0.075726	0.075452	0.074547	0.072832	0.070394	0.067296	0.063578	0.059275	0.054378	0.048863	0.042711	0.035787	0.027696	0.019098	0.010803	0.003505	-0.003075	-0.009259	-0.015303	-0.021780	-0.029829	-0.037357	-0.041835	-0.040759	-0.033859	-0.023998																																															
																																																	0.042200	0.022681	0.007988	-0.003785	-0.013162	-0.020459	-0.025037	-0.027432	-0.028395	-0.028467	-0.027035	-0.024375	-0.020962	-0.017122	-0.012405	-0.007085	-0.001585	0.003790	0.009384	0.015043	0.020500	0.025563	0.030455	0.035070	0.039233	0.042778	0.045716	0.048199	0.050379	0.052372	0.054065	0.055492	0.056725	0.057847	0.058918	0.059774	0.060228	0.060146	0.059690	0.058777	0.057274	0.055072	0.052245	0.048803	0.044735	0.040022	0.034637	0.028635	0.022081	0.014840	0.006239	-0.002690	-0.010667	-0.016632	-0.021153	-0.024533	-0.026915	-0.028613	-0.030224	-0.030638	-0.028518	-0.022074	-0.009560																																																
																																																		0.034119	0.016406	0.001611	-0.010507	-0.020008	-0.026311	-0.030129	-0.032384	-0.033753	-0.033536	-0.031989	-0.029590	-0.026660	-0.022725	-0.018095	-0.013240	-0.008511	-0.003575	0.001477	0.006445	0.011205	0.015971	0.020582	0.024808	0.028451	0.031598	0.034329	0.036707	0.038770	0.040462	0.041818	0.042896	0.043765	0.044486	0.044908	0.044859	0.044204	0.043044	0.041379	0.039180	0.036425	0.033126	0.029290	0.024916	0.019986	0.014441	0.008377	0.001919	-0.005062	-0.013401	-0.021857	-0.028880	-0.033202	-0.035563	-0.036244	-0.035312	-0.032862	-0.029000	-0.023490	-0.016051																																																		
																																																				0.007060	-0.004096	-0.013820	-0.021556	-0.027491	-0.031986	-0.035296	-0.037099	-0.037570	-0.036991	-0.035511	-0.032711	-0.029001	-0.024932	-0.020921	-0.016581	-0.012011	-0.007434	-0.002993	0.001538	0.006001	0.010160	0.013829	0.017145	0.020112	0.022691	0.024850	0.026604	0.027966	0.028942	0.029563	0.029906	0.029838	0.029198	0.027838	0.025776	0.023136	0.020041	0.016569	0.012587	0.008193	0.003534	-0.001292	-0.006426	-0.011778	-0.017217	-0.022831	-0.029369	-0.035744	-0.040594	-0.042800	-0.043002	-0.041466	-0.038273	-0.033450	-0.026817																																																				
																																																						0.000105	-0.009173	-0.018542	-0.026896	-0.033370	-0.038631	-0.042655	-0.045214	-0.046011	-0.044786	-0.042183	-0.038952	-0.035652	-0.031720	-0.027348	-0.022906	-0.018666	-0.014347	-0.010052	-0.005971	-0.002238	0.001320	0.004606	0.007465	0.009782	0.011675	0.013103	0.013987	0.014291	0.014137	0.013399	0.011909	0.009477	0.006007	0.001816	-0.002733	-0.007415	-0.012648	-0.018101	-0.023301	-0.027888	-0.032179	-0.036112	-0.039525	-0.042375	-0.045035	-0.047051	-0.047834	-0.046881	-0.044397	-0.040611	-0.035700																																																						
																																																								-0.007106	-0.019534	-0.029288	-0.038187	-0.045999	-0.051931	-0.055197	-0.055727	-0.054400	-0.052153	-0.049668	-0.046201	-0.042062	-0.037802	-0.033850	-0.029872	-0.025883	-0.022006	-0.018297	-0.014561	-0.011002	-0.007891	-0.005424	-0.003377	-0.001854	-0.001030	-0.001023	-0.001658	-0.003051	-0.005377	-0.008869	-0.013746	-0.019483	-0.025464	-0.031313	-0.037761	-0.044210	-0.049814	-0.053908	-0.056982	-0.059048	-0.059966	-0.059571	-0.057761	-0.054837	-0.051142	-0.046909	-0.041814																																																								
																																																										-0.024339	-0.035546	-0.045836	-0.054091	-0.059264	-0.061436	-0.061547	-0.060551	-0.059131	-0.056478	-0.052989	-0.049322	-0.046005	-0.042688	-0.039311	-0.035916	-0.032484	-0.028809	-0.025185	-0.021984	-0.019467	-0.017316	-0.015694	-0.014864	-0.015019	-0.015950	-0.017743	-0.020554	-0.024627	-0.030282	-0.036848	-0.043529	-0.049839	-0.056730	-0.063419	-0.068797	-0.071963	-0.073462	-0.073469	-0.072000	-0.068929	-0.063772	-0.057299	-0.050463																																																										
																																																												-0.039908	-0.048181	-0.054009	-0.057522	-0.059354	-0.060132	-0.060267	-0.059127	-0.057143	-0.054958	-0.053117	-0.051363	-0.049494	-0.047374	-0.044821	-0.041657	-0.038301	-0.035243	-0.032841	-0.030709	-0.029003	-0.028006	-0.027921	-0.028523	-0.029908	-0.032246	-0.035801	-0.040923	-0.046882	-0.052807	-0.058155	-0.063913	-0.069309	-0.073235	-0.074726	-0.074123	-0.071937	-0.068597	-0.064344	-0.058590																																																												
																																																															-0.042398	-0.046681	-0.050209	-0.052752	-0.054055	-0.054688	-0.055327	-0.056638	-0.058694	-0.060731	-0.061933	-0.061515	-0.059461	-0.056577	-0.053708	-0.051525	-0.049562	-0.047768	-0.046238	-0.044971	-0.043670	-0.042731	-0.042656	-0.043998	-0.047003	-0.050789	-0.054365	-0.057046	-0.059755	-0.061945	-0.062768	-0.061351	-0.057497	-0.052342																																																															
																																																																		-0.040793	-0.044810	-0.048391	-0.052113	-0.056645	-0.062384	-0.068131	-0.072517	-0.074267	-0.073513	-0.071353	-0.068897	-0.067053	-0.065299	-0.063422	-0.061359	-0.058954	-0.055883	-0.052734	-0.050222	-0.049072	-0.049421	-0.050361	-0.050901	-0.050303	-0.049304	-0.047659																																																																			
																																																																				-0.041089	-0.046891	-0.052773	-0.059186	-0.065285	-0.070052	-0.072530	-0.072791	-0.071696	-0.070124	-0.068770	-0.067143	-0.065202	-0.063054	-0.060750	-0.058108	-0.055319	-0.052643	-0.050380	-0.048715	-0.047100																																																																							
																																																																							-0.044490	-0.043861	-0.043079	-0.043175	-0.043723	-0.044260	-0.044433	-0.043812	-0.042092	-0.040110	-0.038833	-0.039278	-0.041746	-0.044819																																																																											
																																																																											0.024021	0.020793	0.017475	0.016915	0.019016	0.021060																																																																															
																																																																																																																																																															
																																																																																																																																																															
																																																																																																																																																															
																																																																																																																																																															
																																																																																																																																																															
																																																																																																																																																															
																																																																																																																																																															
																																																																																																																																																															
																																																																																																																																																															
																																																																																																																																																															
																																																																																																																																																															
																																																																																																																																																															
																																																																																																																																																															
																																																																																																																																																															
																																																																																																																																																															
																																																																																																																																																															
																																																																																																																																																															
																																																																																																																																																															
																																																																																																																																																															
																																																																																																																																																															
