zonal
Wavefront
Acquisition 	2020/10/14 16:25:49.261
Save 	2020/10/14 16:25:54.124

ASO Size : 40 x 32; ASO Step : 114.077560 um x 114.052567 um
Selection : Tilt X 0; Tilt Y 0; Focus 1; Astig 0° 1; Astig 45° 1
Unity : Microns
Area Size : 40 x 32; Area Step : 114.077560 um x 114.052567 um
																																							
																																							
																																							
																							0.142676	0.164825															
																		0.043907	0.022461	0.003032	-0.007569	-0.016245	-0.010262	0.005960	0.031593	0.089453													
															0.076219	0.026923	-0.019045	-0.054675	-0.074132	-0.094288	-0.105882	-0.115107	-0.124478	-0.117486	-0.088982	-0.049458	-0.002312	0.075318											
														0.025650	-0.032382	-0.074071	-0.111991	-0.130010	-0.145441	-0.155634	-0.160145	-0.168456	-0.177677	-0.174037	-0.156958	-0.132147	-0.102207	-0.041544	0.055661	0.191211									
													0.010628	-0.058062	-0.104879	-0.137347	-0.151616	-0.161492	-0.169810	-0.173790	-0.171148	-0.177906	-0.190412	-0.191211	-0.183251	-0.169067	-0.147902	-0.110421	-0.054999	0.031751	0.168356								
												0.011500	-0.052803	-0.113915	-0.156313	-0.166519	-0.160637	-0.156545	-0.161184	-0.162917	-0.162946	-0.171652	-0.183746	-0.187431	-0.185268	-0.171577	-0.157795	-0.142015	-0.106686	-0.050626	0.042090								
											0.027124	-0.041085	-0.096592	-0.142649	-0.171198	-0.168839	-0.151551	-0.131128	-0.127896	-0.134287	-0.141868	-0.148733	-0.158300	-0.163737	-0.160879	-0.151341	-0.146237	-0.145637	-0.134347	-0.094392	-0.019050	0.096446							
										0.084643	-0.022392	-0.086809	-0.122575	-0.144741	-0.157663	-0.149776	-0.124965	-0.098002	-0.088804	-0.100802	-0.112031	-0.122242	-0.127862	-0.130441	-0.127055	-0.119411	-0.123916	-0.129830	-0.129897	-0.115302	-0.062062	0.035660							
									0.149456	0.030281	-0.062360	-0.109295	-0.130275	-0.139935	-0.136810	-0.124467	-0.097484	-0.069244	-0.057353	-0.067004	-0.082159	-0.090893	-0.089775	-0.085478	-0.082320	-0.084171	-0.093523	-0.108693	-0.116617	-0.114906	-0.087946	-0.016634	0.150778						
									0.119328	0.007804	-0.070854	-0.111502	-0.122775	-0.122716	-0.116668	-0.101324	-0.077029	-0.052207	-0.041855	-0.043179	-0.050644	-0.056572	-0.056688	-0.049632	-0.043303	-0.048870	-0.061264	-0.079476	-0.095171	-0.099426	-0.087264	-0.047242	0.107113						
									0.097783	-0.001624	-0.067142	-0.103930	-0.107903	-0.104179	-0.094756	-0.079329	-0.057349	-0.038213	-0.027082	-0.021518	-0.021518	-0.025192	-0.025459	-0.019623	-0.014080	-0.013240	-0.026018	-0.048940	-0.070257	-0.082835	-0.080323	-0.063237	0.082965						
								0.139422	0.075366	-0.012253	-0.066697	-0.090878	-0.092147	-0.084782	-0.071195	-0.054570	-0.034219	-0.016841	-0.003875	0.006585	0.009749	0.008840	0.010923	0.014132	0.018821	0.018156	0.003817	-0.025374	-0.051782	-0.069323	-0.078573	-0.073248	0.061927						
								0.143003	0.047794	-0.032542	-0.066482	-0.076653	-0.073734	-0.059744	-0.044274	-0.029222	-0.009996	0.007292	0.019781	0.030434	0.040454	0.043150	0.044168	0.046730	0.047942	0.042730	0.023929	-0.002209	-0.030943	-0.060762	-0.079367	-0.074666	0.063670						
								0.143899	0.033126	-0.032723	-0.057924	-0.057480	-0.046291	-0.029329	-0.015224	0.001459	0.019376	0.033607	0.043335	0.054989	0.069267	0.077933	0.077763	0.076625	0.074663	0.063173	0.041398	0.018527	-0.010428	-0.052467	-0.085061	-0.068214	0.099317						
								0.149633	0.044244	-0.021272	-0.042059	-0.036040	-0.020041	-0.001426	0.014440	0.028345	0.046178	0.062227	0.071536	0.080351	0.093278	0.102806	0.100663	0.096475	0.098194	0.085645	0.059606	0.035316	-0.002728	-0.048123	-0.078931	-0.059035	0.143835						
								0.166363	0.059688	-0.007285	-0.023503	-0.018949	-0.003157	0.017933	0.036495	0.051803	0.069804	0.087003	0.098509	0.105106	0.113957	0.120503	0.119937	0.116157	0.119531	0.108622	0.076350	0.034725	-0.009241	-0.051971	-0.073486	-0.021263							
								0.184083	0.072567	0.002000	-0.017430	-0.016067	0.001107	0.023965	0.046545	0.067724	0.090761	0.110353	0.122061	0.126259	0.136166	0.142876	0.143088	0.140359	0.138538	0.121220	0.079285	0.029804	-0.024936	-0.068043	-0.085243	0.049196							
									0.096073	0.001737	-0.019433	-0.018591	0.001853	0.022900	0.045779	0.072641	0.102842	0.124156	0.131399	0.136339	0.148372	0.158595	0.157970	0.150941	0.139502	0.111735	0.064021	0.008453	-0.039421	-0.066424	-0.041831								
									0.130606	0.028064	-0.014767	-0.020409	0.000814	0.021021	0.042977	0.077248	0.108700	0.126087	0.133243	0.139909	0.152584	0.160534	0.150283	0.141752	0.121642	0.081777	0.032914	-0.021964	-0.056688	-0.037909	0.101387								
										0.079051	-0.004780	-0.018561	-0.006782	0.009430	0.032540	0.063900	0.095929	0.113492	0.119894	0.125006	0.135195	0.139794	0.132801	0.116030	0.086962	0.044229	-0.010271	-0.047422	-0.035320	0.034561									
										0.150065	0.040770	-0.009817	-0.014856	-0.013118	0.002739	0.028002	0.055035	0.072549	0.080851	0.087332	0.093846	0.094983	0.084588	0.064937	0.033506	-0.004978	-0.057701	-0.047379	0.009271										
											0.151358	0.044854	-0.015058	-0.035905	-0.034097	-0.018625	-0.000083	0.017418	0.028739	0.034145	0.034442	0.026107	0.009923	-0.013098	-0.040213	-0.038611	-0.009612	0.045449											
													0.031800	-0.018226	-0.057782	-0.063543	-0.053691	-0.042159	-0.029147	-0.023310	-0.030999	-0.054952	-0.077396	-0.073844	-0.047956	-0.020653													
															0.006352	-0.023122	-0.049061	-0.064589	-0.064159	-0.057406	-0.053000	-0.042553	-0.020944	0.012813															
																		0.162926	0.150512	0.141771																			
																																							
																																							
																																							
																																							
