Wavefront
Acquisition 	2020/10/14 14:47:42.084
Save 	2020/10/14 21:30:04.034

ASO Size : 40 x 32; ASO Step : 114.077560 um x 114.052567 um
Selection : Tilt X 0; Tilt Y 0; Focus 1; Astig 0° 1; Astig 45° 1
Unity : Microns
Area Size : 160 x 128; Area Step : 28.519390 um x 28.513142 um
																																																																																																																																																															
																																																																																																																																																															
																																																																																																																																																															
																																																																																																																																																															
																																																																																																																																																															
																																																																																																																																																															
																																																																																																																																																															
																																																																																																																																																															
																																																																																																																																																															
																																																																																																																																																															
																																																																																																																																																															
																																																																															-0.017419	-0.017574	-0.017847	-0.018150	-0.018548	-0.019042	-0.019616	-0.020235	-0.020830	-0.021527	-0.022479	-0.023839	-0.025636	-0.027678																																																																			
																																																																											-0.002997	-0.001321	0.000338	0.001145	0.001718	0.002067	0.002018	0.001387	0.000122	-0.001524	-0.003273	-0.004889	-0.006479	-0.008136	-0.009924	-0.011915	-0.014152	-0.016505	-0.018827	-0.021209	-0.024439	-0.027375																																																															
																																																																							0.015757	0.014357	0.013372	0.013459	0.014513	0.016017	0.017464	0.018506	0.019615	0.020510	0.020755	0.019923	0.017978	0.015396	0.012682	0.010245	0.007827	0.005363	0.002864	0.000324	-0.002316	-0.004972	-0.007535	-0.010042	-0.012969	-0.015645	-0.017227	-0.016723	-0.013506	-0.009404																																																											
																																																																				0.020440	0.020885	0.021359	0.021649	0.021922	0.022417	0.023370	0.024798	0.026443	0.028030	0.029422	0.031057	0.032489	0.033120	0.032373	0.030235	0.027301	0.024194	0.021416	0.018634	0.015790	0.012924	0.010051	0.007085	0.004126	0.001299	-0.001372	-0.004221	-0.006827	-0.008647	-0.009009	-0.007392	-0.005164	-0.003910	-0.004966	-0.007699																																																								
																																																																		0.024110	0.024491	0.024502	0.024561	0.024989	0.025507	0.026166	0.027103	0.028471	0.030341	0.032465	0.034565	0.036514	0.038807	0.040910	0.042119	0.041761	0.039855	0.037048	0.034011	0.031284	0.028516	0.025635	0.022674	0.019630	0.016386	0.013101	0.009976	0.007112	0.004195	0.001543	-0.000415	-0.001134	-0.000162	0.001354	0.002075	0.000884	-0.001659	-0.005184	-0.009474																																																						
																																																																0.026707	0.028434	0.029334	0.029253	0.028693	0.028225	0.028280	0.028464	0.028871	0.029719	0.031239	0.033518	0.036209	0.038923	0.041459	0.044397	0.047165	0.048988	0.049140	0.047673	0.045244	0.042523	0.040053	0.037495	0.034759	0.031851	0.028737	0.025260	0.021665	0.018251	0.015204	0.012174	0.009442	0.007407	0.006569	0.007330	0.008654	0.009342	0.008389	0.006302	0.003410	-0.000099	-0.004381	-0.010588																																																				
																																																														0.027065	0.029648	0.031891	0.033519	0.034216	0.033799	0.032828	0.031949	0.031635	0.031400	0.031419	0.032019	0.033538	0.036055	0.039127	0.042271	0.045209	0.048587	0.051821	0.054104	0.054689	0.053662	0.051655	0.049304	0.047126	0.044813	0.042258	0.039447	0.036309	0.032658	0.028813	0.025166	0.021982	0.018877	0.016097	0.014017	0.013095	0.013681	0.014849	0.015528	0.014824	0.013190	0.010916	0.008165	0.004919	0.000585	-0.004029	-0.007896																																																		
																																																													0.028885	0.031549	0.034034	0.036164	0.037684	0.038297	0.037815	0.036786	0.035841	0.035439	0.035092	0.034991	0.035485	0.036928	0.039380	0.042407	0.045535	0.048496	0.051925	0.055245	0.057657	0.058434	0.057688	0.055998	0.053932	0.051955	0.049796	0.047351	0.044593	0.041435	0.037662	0.033647	0.029847	0.026591	0.023511	0.020768	0.018644	0.017492	0.017601	0.018231	0.018526	0.017775	0.016375	0.014507	0.012240	0.009559	0.006174	0.002487	-0.000993	-0.003967	-0.007077																																																
																																																											0.027754	0.030727	0.033448	0.035807	0.037991	0.039860	0.041215	0.041819	0.041522	0.040760	0.040031	0.039690	0.039310	0.039106	0.039429	0.040626	0.042720	0.045334	0.048069	0.050703	0.053797	0.056824	0.059067	0.059877	0.059397	0.058084	0.056374	0.054625	0.052640	0.050323	0.047634	0.044465	0.040574	0.036391	0.032441	0.029129	0.026117	0.023450	0.021279	0.019813	0.019274	0.019156	0.018866	0.017932	0.016688	0.015160	0.013273	0.010910	0.007915	0.004612	0.001390	-0.001546	-0.004766	-0.007715	-0.009645																																														
																																																										0.030740	0.033240	0.035657	0.037873	0.039808	0.041588	0.043124	0.044284	0.044917	0.044939	0.044613	0.044239	0.044006	0.043583	0.043223	0.043288	0.044116	0.045677	0.047674	0.049807	0.051921	0.054474	0.057009	0.058916	0.059655	0.059393	0.058447	0.057094	0.055569	0.053756	0.051576	0.048980	0.045845	0.041908	0.037644	0.033626	0.030321	0.027433	0.024890	0.022706	0.020938	0.019744	0.018857	0.017949	0.016788	0.015650	0.014399	0.012813	0.010644	0.007779	0.004616	0.001603	-0.000944	-0.003421	-0.005616	-0.007186	-0.007737	-0.007037																																												
																																																									0.034509	0.036356	0.038297	0.040159	0.041872	0.043390	0.044782	0.046003	0.046986	0.047663	0.048021	0.048146	0.048128	0.047988	0.047488	0.046926	0.046682	0.047095	0.048070	0.049396	0.050878	0.052434	0.054426	0.056454	0.057991	0.058584	0.058420	0.057703	0.056590	0.055214	0.053516	0.051442	0.048952	0.045930	0.042109	0.037962	0.034062	0.030893	0.028218	0.025870	0.023744	0.021769	0.020047	0.018513	0.017073	0.015696	0.014595	0.013517	0.012129	0.010088	0.007297	0.004229	0.001407	-0.000735	-0.002431	-0.003802	-0.004909	-0.005748	-0.006120	-0.006293																																											
																																																								0.038454	0.039412	0.040883	0.042417	0.043864	0.045203	0.046420	0.047537	0.048539	0.049403	0.050125	0.050756	0.051232	0.051475	0.051359	0.050718	0.049898	0.049313	0.049310	0.049733	0.050442	0.051339	0.052418	0.053981	0.055631	0.056863	0.057247	0.056975	0.056221	0.055108	0.053737	0.052047	0.050018	0.047650	0.044870	0.041436	0.037744	0.034276	0.031454	0.029125	0.027071	0.025116	0.023103	0.021092	0.019159	0.017367	0.015819	0.014661	0.013595	0.012268	0.010326	0.007710	0.004853	0.002221	0.000212	-0.001349	-0.002627	-0.003740	-0.004753	-0.005492	-0.006125	-0.006877																																										
																																																							0.041535	0.042599	0.043438	0.044649	0.045850	0.046954	0.047987	0.048968	0.049875	0.050718	0.051516	0.052321	0.053256	0.054105	0.054604	0.054471	0.053606	0.052425	0.051395	0.050894	0.050688	0.050711	0.050969	0.051543	0.052703	0.054008	0.054916	0.054963	0.054330	0.053240	0.051870	0.050353	0.048567	0.046542	0.044347	0.041998	0.039319	0.036528	0.033904	0.031705	0.029897	0.028267	0.026603	0.024708	0.022605	0.020459	0.018436	0.016713	0.015355	0.014098	0.012645	0.010703	0.008244	0.005599	0.003120	0.001092	-0.000667	-0.002198	-0.003492	-0.004486	-0.005003	-0.005340	-0.005865	-0.007009																																									
																																																						0.043397	0.045050	0.046069	0.046896	0.047883	0.048771	0.049554	0.050305	0.051074	0.051802	0.052517	0.053268	0.054159	0.055383	0.056579	0.057306	0.057132	0.056014	0.054442	0.052942	0.051923	0.051071	0.050396	0.050005	0.050073	0.050846	0.051822	0.052401	0.052057	0.050957	0.049405	0.047665	0.045931	0.043991	0.041934	0.039914	0.038053	0.036258	0.034531	0.032904	0.031436	0.030224	0.029079	0.027775	0.026096	0.024041	0.021827	0.019678	0.017806	0.016197	0.014658	0.012993	0.011009	0.008691	0.006251	0.003918	0.001847	-0.000175	-0.002020	-0.003488	-0.004331	-0.004349	-0.004057	-0.004057	-0.004948	-0.006810																																								
																																																					0.045419	0.047043	0.048306	0.049226	0.049987	0.050725	0.051288	0.051743	0.052206	0.052760	0.053318	0.053912	0.054607	0.055536	0.056957	0.058392	0.059267	0.059033	0.057696	0.055798	0.053900	0.052433	0.051014	0.049724	0.048761	0.048379	0.048805	0.049482	0.049764	0.049075	0.047573	0.045623	0.043558	0.041616	0.039509	0.037384	0.035478	0.034011	0.032950	0.032120	0.031346	0.030523	0.029858	0.029181	0.028249	0.026829	0.024916	0.022751	0.020586	0.018641	0.016833	0.015054	0.013213	0.011222	0.009066	0.006854	0.004703	0.002661	0.000491	-0.001538	-0.003077	-0.003726	-0.003262	-0.002381	-0.001878	-0.002483	-0.004101	-0.006128																																							
																																																				0.049308	0.049805	0.050838	0.051726	0.052366	0.052859	0.053265	0.053453	0.053537	0.053674	0.053987	0.054368	0.054838	0.055450	0.056339	0.057802	0.059307	0.060212	0.059912	0.058450	0.056373	0.054241	0.052470	0.050645	0.048903	0.047514	0.046792	0.046933	0.047361	0.047416	0.046515	0.044820	0.042699	0.040486	0.038409	0.036146	0.033898	0.031973	0.030660	0.029934	0.029539	0.029212	0.028781	0.028514	0.028226	0.027637	0.026485	0.024781	0.022773	0.020717	0.018821	0.016958	0.015089	0.013213	0.011320	0.009387	0.007454	0.005569	0.003715	0.001675	-0.000244	-0.001658	-0.002133	-0.001447	-0.000330	0.000388	-0.000032	-0.001410	-0.003246	-0.005077																																						
																																																			0.052705	0.053541	0.053895	0.054616	0.055105	0.055312	0.055369	0.055352	0.055091	0.054738	0.054500	0.054548	0.054770	0.055146	0.055687	0.056500	0.057910	0.059378	0.060242	0.059889	0.058388	0.056261	0.054030	0.052072	0.049961	0.047888	0.046186	0.045217	0.045145	0.045389	0.045294	0.044287	0.042556	0.040424	0.038172	0.035974	0.033497	0.031010	0.028896	0.027503	0.026769	0.026428	0.026222	0.025989	0.026025	0.026097	0.025873	0.025049	0.023686	0.022007	0.020226	0.018505	0.016692	0.014828	0.013004	0.011294	0.009651	0.008064	0.006537	0.005024	0.003355	0.001802	0.000701	0.000435	0.001216	0.002378	0.003162	0.002904	0.001815	0.000278	-0.001371	-0.002969																																					
																																																		0.053702	0.055958	0.057065	0.057654	0.058205	0.058292	0.058004	0.057559	0.057098	0.056384	0.055593	0.054979	0.054758	0.054822	0.055099	0.055547	0.056224	0.057468	0.058769	0.059496	0.059065	0.057562	0.055456	0.053209	0.051143	0.048838	0.046532	0.044603	0.043450	0.043201	0.043286	0.043072	0.042014	0.040328	0.038271	0.036048	0.033758	0.031076	0.028336	0.025985	0.024414	0.023504	0.023023	0.022767	0.022627	0.022899	0.023298	0.023432	0.022964	0.022014	0.020760	0.019349	0.017878	0.016179	0.014380	0.012663	0.011178	0.009846	0.008621	0.007486	0.006387	0.005217	0.004171	0.003490	0.003458	0.004272	0.005385	0.006167	0.006078	0.005327	0.004176	0.002832	0.001372	-0.000622																																				
																																																	0.053404	0.056525	0.058733	0.060172	0.061045	0.061473	0.061193	0.060435	0.059518	0.058663	0.057571	0.056420	0.055486	0.055006	0.054890	0.055020	0.055304	0.055744	0.056670	0.057639	0.058090	0.057512	0.055990	0.053922	0.051695	0.049567	0.047145	0.044694	0.042612	0.041307	0.040875	0.040780	0.040431	0.039330	0.037707	0.035754	0.033602	0.031286	0.028500	0.025617	0.023117	0.021411	0.020326	0.019682	0.019343	0.019260	0.019719	0.020387	0.020833	0.020694	0.020146	0.019317	0.018286	0.017082	0.015536	0.013845	0.012265	0.011007	0.009955	0.009053	0.008277	0.007589	0.006940	0.006435	0.006196	0.006395	0.007208	0.008230	0.008985	0.009077	0.008701	0.007994	0.007034	0.005816	0.004045	0.002120																																			
																																																0.053691	0.056657	0.059361	0.061529	0.063082	0.064025	0.064305	0.063721	0.062595	0.061321	0.060185	0.058863	0.057502	0.056353	0.055641	0.055303	0.055198	0.055197	0.055259	0.055665	0.056081	0.056071	0.055236	0.053647	0.051608	0.049414	0.047252	0.044784	0.042274	0.040102	0.038651	0.037990	0.037644	0.037098	0.035919	0.034324	0.032456	0.030400	0.028156	0.025453	0.022652	0.020215	0.018529	0.017404	0.016705	0.016352	0.016343	0.016941	0.017797	0.018466	0.018583	0.018357	0.017874	0.017163	0.016204	0.014834	0.013289	0.011867	0.010809	0.009966	0.009294	0.008792	0.008458	0.008289	0.008290	0.008468	0.008873	0.009658	0.010568	0.011292	0.011587	0.011634	0.011434	0.010933	0.010016	0.008462	0.006680	0.005163																																		
																																															0.052478	0.056081	0.059051	0.061725	0.063947	0.065588	0.066563	0.066734	0.065906	0.064477	0.062923	0.061604	0.060189	0.058760	0.057499	0.056579	0.055985	0.055564	0.055160	0.054680	0.054319	0.053910	0.053219	0.052033	0.050387	0.048448	0.046377	0.044258	0.041847	0.039386	0.037202	0.035621	0.034678	0.034000	0.033186	0.031901	0.030318	0.028541	0.026623	0.024552	0.022111	0.019602	0.017406	0.015834	0.014701	0.013944	0.013548	0.013566	0.014220	0.015163	0.015964	0.016278	0.016329	0.016163	0.015763	0.015069	0.013939	0.012621	0.011416	0.010560	0.009871	0.009355	0.009076	0.009108	0.009500	0.010113	0.010782	0.011388	0.012049	0.012728	0.013348	0.013881	0.014478	0.014966	0.015117	0.014664	0.013438	0.011932	0.010712	0.010371																																	
																																														0.048914	0.053481	0.057461	0.060857	0.063690	0.066020	0.067746	0.068744	0.068832	0.067794	0.066100	0.064309	0.062862	0.061434	0.060016	0.058700	0.057583	0.056708	0.055920	0.055041	0.053927	0.052662	0.051278	0.049780	0.048168	0.046429	0.044580	0.042643	0.040598	0.038310	0.035978	0.033851	0.032168	0.030940	0.029913	0.028818	0.027432	0.025873	0.024207	0.022464	0.020630	0.018555	0.016453	0.014598	0.013202	0.012098	0.011296	0.010857	0.010889	0.011560	0.012539	0.013426	0.013906	0.014211	0.014347	0.014249	0.013823	0.012957	0.011895	0.010926	0.010264	0.009693	0.009288	0.009188	0.009558	0.010494	0.011705	0.012855	0.013651	0.014178	0.014617	0.015131	0.015910	0.017067	0.018262	0.019105	0.019185	0.018373	0.017252	0.016471	0.016784	0.018644																																
																																													0.045230	0.049571	0.054156	0.058590	0.062468	0.065482	0.067903	0.069677	0.070667	0.070666	0.069427	0.067486	0.065477	0.063917	0.062495	0.061109	0.059748	0.058432	0.057261	0.056082	0.054705	0.052940	0.050769	0.048406	0.046078	0.043983	0.042047	0.040170	0.038273	0.036267	0.034118	0.031960	0.029940	0.028200	0.026737	0.025414	0.024088	0.022640	0.021137	0.019609	0.018068	0.016500	0.014813	0.013144	0.011662	0.010487	0.009476	0.008699	0.008278	0.008360	0.009070	0.010093	0.011066	0.011709	0.012256	0.012675	0.012857	0.012674	0.012040	0.011198	0.010428	0.009929	0.009458	0.009141	0.009176	0.009793	0.011113	0.012747	0.014249	0.015212	0.015700	0.016035	0.016539	0.017539	0.019118	0.020837	0.022216	0.022765	0.022392	0.021709	0.021383	0.022242	0.024934																																
																																												0.043834	0.046880	0.050764	0.055366	0.060048	0.064179	0.067268	0.069704	0.071460	0.072386	0.072263	0.070812	0.068625	0.066401	0.064724	0.063300	0.061938	0.060527	0.059005	0.057525	0.055945	0.054073	0.051695	0.048711	0.045468	0.042361	0.039723	0.037410	0.035280	0.033231	0.031176	0.029152	0.027196	0.025338	0.023607	0.022010	0.020507	0.019056	0.017623	0.016233	0.014886	0.013573	0.012273	0.010936	0.009650	0.008518	0.007602	0.006780	0.006153	0.005866	0.006084	0.006902	0.008028	0.009129	0.009954	0.010747	0.011432	0.011860	0.011863	0.011370	0.010643	0.009977	0.009579	0.009199	0.008963	0.009082	0.009787	0.011189	0.012909	0.014514	0.015611	0.016261	0.016776	0.017461	0.018627	0.020341	0.022203	0.023774	0.024621	0.024692	0.024491	0.024557	0.025587	0.028195	0.030865																															
																																											0.042569	0.045102	0.047852	0.051607	0.056358	0.061328	0.065715	0.068880	0.071289	0.072959	0.073766	0.073498	0.071835	0.069417	0.067009	0.065268	0.063935	0.062699	0.061315	0.059610	0.057791	0.055756	0.053333	0.050305	0.046494	0.042354	0.038415	0.035114	0.032208	0.029585	0.027198	0.025030	0.023174	0.021524	0.019943	0.018314	0.016681	0.015102	0.013624	0.012289	0.011092	0.009997	0.008970	0.007976	0.006998	0.006095	0.005329	0.004734	0.004207	0.003853	0.003812	0.004242	0.005224	0.006492	0.007745	0.008770	0.009820	0.010771	0.011418	0.011544	0.011082	0.010337	0.009650	0.009271	0.008946	0.008763	0.008889	0.009502	0.010663	0.012112	0.013559	0.014752	0.015779	0.016775	0.017849	0.019127	0.020667	0.022266	0.023695	0.024734	0.025384	0.025863	0.026401	0.027319	0.028968	0.030560																															
																																											0.043305	0.045740	0.048550	0.052330	0.057273	0.062527	0.067146	0.070375	0.072729	0.074276	0.074933	0.074511	0.072642	0.070005	0.067422	0.065614	0.064358	0.063230	0.061857	0.059957	0.057790	0.055290	0.052313	0.048644	0.044037	0.039035	0.034277	0.030275	0.026685	0.023455	0.020635	0.018313	0.016621	0.015296	0.014023	0.012530	0.010912	0.009315	0.007863	0.006663	0.005682	0.004857	0.004134	0.003461	0.002850	0.002337	0.001957	0.001721	0.001551	0.001540	0.001807	0.002489	0.003659	0.005083	0.006496	0.007719	0.009011	0.010204	0.011045	0.011269	0.010813	0.010025	0.009290	0.008905	0.008626	0.008481	0.008578	0.009013	0.009781	0.010792	0.011955	0.013222	0.014718	0.016325	0.017879	0.019243	0.020478	0.021640	0.022768	0.023914	0.025123	0.026283	0.027262	0.027930	0.028284	0.028457	0.028590																														
																																										0.041940	0.044197	0.046671	0.049630	0.053443	0.058491	0.063896	0.068630	0.071861	0.074137	0.075557	0.076063	0.075482	0.073416	0.070568	0.067789	0.065835	0.064503	0.063308	0.061805	0.059654	0.057147	0.054235	0.050775	0.046546	0.041258	0.035519	0.030051	0.025418	0.021188	0.017373	0.014120	0.011616	0.010018	0.008929	0.007890	0.006499	0.004896	0.003296	0.001877	0.000797	-0.000005	-0.000605	-0.001065	-0.001435	-0.001685	-0.001805	-0.001793	-0.001664	-0.001465	-0.001119	-0.000532	0.000406	0.001765	0.003342	0.004903	0.006300	0.007788	0.009176	0.010184	0.010527	0.010146	0.009405	0.008705	0.008363	0.008151	0.008055	0.008131	0.008412	0.008821	0.009427	0.010328	0.011662	0.013587	0.015754	0.017750	0.019204	0.020196	0.020991	0.021841	0.023008	0.024563	0.026149	0.027375	0.027776	0.027050	0.026065	0.025817																														
																																									0.042698	0.044148	0.046211	0.048690	0.051683	0.055419	0.060365	0.065670	0.070301	0.073432	0.075619	0.076947	0.077337	0.076602	0.074364	0.071315	0.068292	0.066037	0.064330	0.062723	0.060815	0.058306	0.055491	0.052276	0.048478	0.043833	0.038048	0.031778	0.025791	0.020684	0.015967	0.011698	0.008085	0.005377	0.003740	0.002705	0.001730	0.000345	-0.001283	-0.002907	-0.004317	-0.005338	-0.006050	-0.006523	-0.006802	-0.006917	-0.006821	-0.006547	-0.006145	-0.005665	-0.005118	-0.004439	-0.003557	-0.002382	-0.000847	0.000870	0.002560	0.004094	0.005703	0.007208	0.008353	0.008875	0.008727	0.008233	0.007751	0.007562	0.007466	0.007448	0.007554	0.007789	0.008027	0.008431	0.009210	0.010614	0.012811	0.015327	0.017615	0.019189	0.020171	0.020885	0.021632	0.022717	0.024190	0.025679	0.026784	0.026999	0.025905	0.024565	0.024217	0.026384																													
																																									0.045443	0.046692	0.048831	0.051480	0.054579	0.058212	0.062869	0.067812	0.072117	0.075057	0.077163	0.078454	0.078787	0.077932	0.075578	0.072369	0.069074	0.066350	0.063924	0.061503	0.058864	0.055866	0.052765	0.049360	0.045365	0.040433	0.034315	0.027690	0.021341	0.015866	0.010743	0.006071	0.002108	-0.000850	-0.002649	-0.003790	-0.004840	-0.006292	-0.007964	-0.009606	-0.011010	-0.012004	-0.012688	-0.013101	-0.013254	-0.013141	-0.012703	-0.012024	-0.011215	-0.010369	-0.009455	-0.008421	-0.007220	-0.005790	-0.004056	-0.002181	-0.000356	0.001290	0.002946	0.004489	0.005731	0.006483	0.006711	0.006650	0.006551	0.006612	0.006674	0.006751	0.006910	0.007162	0.007337	0.007649	0.008377	0.009832	0.012176	0.014881	0.017348	0.019060	0.020216	0.021067	0.021815	0.022644	0.023532	0.024324	0.024868	0.024904	0.024047	0.023070	0.022898	0.024720																													
																																								0.049170	0.048195	0.049442	0.051779	0.054670	0.057901	0.061409	0.065685	0.070137	0.074000	0.076683	0.078680	0.079923	0.080190	0.079201	0.076729	0.073357	0.069762	0.066494	0.063212	0.059820	0.056325	0.052791	0.049416	0.045872	0.041754	0.036620	0.030290	0.023445	0.016855	0.011098	0.005638	0.000612	-0.003680	-0.006907	-0.008943	-0.010286	-0.011496	-0.013057	-0.014780	-0.016434	-0.017830	-0.018824	-0.019526	-0.019934	-0.020009	-0.019695	-0.018923	-0.017842	-0.016625	-0.015416	-0.014136	-0.012747	-0.011233	-0.009556	-0.007635	-0.005616	-0.003676	-0.001945	-0.000287	0.001246	0.002561	0.003566	0.004246	0.004712	0.005086	0.005449	0.005693	0.005880	0.006110	0.006416	0.006589	0.006874	0.007595	0.009102	0.011542	0.014369	0.016964	0.018822	0.020230	0.021311	0.022106	0.022619	0.022732	0.022597	0.022411	0.022276	0.021907	0.021581	0.021676	0.022790	0.025732																												
																																								0.052378	0.051213	0.052451	0.054922	0.057965	0.061249	0.064596	0.068490	0.072463	0.075881	0.078267	0.080080	0.081185	0.081300	0.080108	0.077447	0.073851	0.069926	0.066139	0.062088	0.057843	0.053596	0.049575	0.045930	0.042233	0.037992	0.032702	0.026241	0.019277	0.012542	0.006583	0.000865	-0.004445	-0.009015	-0.012496	-0.014788	-0.016373	-0.017782	-0.019468	-0.021245	-0.022908	-0.024303	-0.025319	-0.026083	-0.026537	-0.026580	-0.026098	-0.025014	-0.023546	-0.021941	-0.020400	-0.018791	-0.017090	-0.015308	-0.013432	-0.011382	-0.009278	-0.007273	-0.005491	-0.003853	-0.002340	-0.000956	0.000300	0.001436	0.002440	0.003297	0.003974	0.004410	0.004719	0.005038	0.005426	0.005636	0.005939	0.006692	0.008276	0.010830	0.013787	0.016518	0.018523	0.020164	0.021457	0.022312	0.022583	0.022080	0.021202	0.020424	0.020146	0.020176	0.020369	0.020634	0.021048	0.022187																												
																																							0.058120	0.056390	0.054822	0.055867	0.058248	0.061217	0.064384	0.067518	0.071112	0.074740	0.077806	0.079868	0.081368	0.082159	0.081951	0.080421	0.077416	0.073464	0.069160	0.064955	0.060421	0.055678	0.050980	0.046605	0.042679	0.038756	0.034332	0.028900	0.022369	0.015367	0.008575	0.002496	-0.003383	-0.008882	-0.013653	-0.017344	-0.019882	-0.021717	-0.023337	-0.025156	-0.026988	-0.028667	-0.030076	-0.031148	-0.032025	-0.032585	-0.032653	-0.032042	-0.030668	-0.028831	-0.026865	-0.025036	-0.023160	-0.021216	-0.019242	-0.017251	-0.015173	-0.013089	-0.011103	-0.009311	-0.007691	-0.006178	-0.004710	-0.003218	-0.001664	-0.000168	0.001132	0.002101	0.002720	0.003150	0.003565	0.004049	0.004316	0.004663	0.005486	0.007206	0.009963	0.013149	0.016087	0.018245	0.020019	0.021413	0.022310	0.022537	0.021881	0.020799	0.019829	0.019442	0.019475	0.019675	0.019826	0.019853	0.020205	0.020358																											
																																							0.063601	0.061386	0.059278	0.060017	0.062152	0.064876	0.067793	0.070670	0.074022	0.077395	0.080156	0.081828	0.082851	0.083116	0.082373	0.080325	0.076775	0.072282	0.067495	0.062907	0.058092	0.053124	0.048209	0.043578	0.039353	0.035140	0.030493	0.024962	0.018470	0.011569	0.004858	-0.001224	-0.007145	-0.012720	-0.017616	-0.021502	-0.024339	-0.026510	-0.028424	-0.030425	-0.032336	-0.034050	-0.035505	-0.036694	-0.037785	-0.038563	-0.038747	-0.038046	-0.036374	-0.034138	-0.031787	-0.029679	-0.027557	-0.025406	-0.023289	-0.021251	-0.019247	-0.017291	-0.015415	-0.013662	-0.012072	-0.010548	-0.008977	-0.007225	-0.005211	-0.003176	-0.001397	-0.000133	0.000637	0.001145	0.001625	0.002206	0.002550	0.002979	0.003929	0.005865	0.008950	0.012502	0.015759	0.018111	0.019967	0.021392	0.022328	0.022664	0.022213	0.021335	0.020464	0.019965	0.019659	0.019419	0.019169	0.018945	0.019123	0.019165																											
																																						0.068250	0.069194	0.066540	0.063915	0.064317	0.066119	0.068491	0.071066	0.073646	0.076765	0.079908	0.082377	0.083632	0.084115	0.083776	0.082426	0.079806	0.075654	0.070578	0.065295	0.060370	0.055392	0.050344	0.045337	0.040512	0.035993	0.031473	0.026597	0.021002	0.014615	0.007896	0.001347	-0.004671	-0.010562	-0.016149	-0.021119	-0.025174	-0.028310	-0.030830	-0.033054	-0.035239	-0.037224	-0.038966	-0.040467	-0.041788	-0.043121	-0.044149	-0.044483	-0.043726	-0.041787	-0.039184	-0.036486	-0.034141	-0.031824	-0.029519	-0.027313	-0.025282	-0.023409	-0.021640	-0.019923	-0.018239	-0.016695	-0.015168	-0.013499	-0.011501	-0.009050	-0.006498	-0.004254	-0.002691	-0.001752	-0.001140	-0.000564	0.000145	0.000605	0.001157	0.002266	0.004437	0.007855	0.011770	0.015339	0.017874	0.019778	0.021202	0.022185	0.022720	0.022667	0.022220	0.021623	0.021052	0.020300	0.019468	0.018720	0.018312	0.018567	0.018799	0.018191																										
																																						0.072933	0.073856	0.070934	0.067959	0.068058	0.069491	0.071452	0.073627	0.075872	0.078722	0.081608	0.083778	0.084638	0.084635	0.083765	0.081893	0.078792	0.074149	0.068607	0.062933	0.057749	0.052657	0.047566	0.042499	0.037515	0.032735	0.027938	0.022857	0.017215	0.010941	0.004407	-0.001977	-0.007919	-0.013773	-0.019359	-0.024379	-0.028555	-0.031916	-0.034702	-0.037156	-0.039466	-0.041482	-0.043217	-0.044729	-0.046135	-0.047643	-0.048860	-0.049313	-0.048524	-0.046400	-0.043543	-0.040610	-0.038121	-0.035696	-0.033322	-0.031095	-0.029113	-0.027386	-0.025804	-0.024248	-0.022649	-0.021165	-0.019655	-0.017926	-0.015748	-0.012972	-0.010027	-0.007404	-0.005547	-0.004363	-0.003532	-0.002753	-0.001850	-0.001214	-0.000500	0.000774	0.003124	0.006744	0.010859	0.014600	0.017243	0.019159	0.020577	0.021623	0.022391	0.022794	0.022853	0.022617	0.022071	0.020998	0.019701	0.018563	0.018024	0.018346	0.018739	0.018298																										
																																						0.075824	0.076728	0.073827	0.070804	0.070683	0.071741	0.073250	0.074977	0.076843	0.079344	0.081897	0.083739	0.084270	0.083929	0.082732	0.080557	0.077196	0.072329	0.066592	0.060746	0.055410	0.050206	0.045020	0.039846	0.034713	0.029726	0.024717	0.019478	0.013792	0.007590	0.001182	-0.005091	-0.010993	-0.016848	-0.022459	-0.027520	-0.031753	-0.035205	-0.038091	-0.040621	-0.042952	-0.044931	-0.046605	-0.048067	-0.049466	-0.051003	-0.052261	-0.052741	-0.051938	-0.049757	-0.046830	-0.043845	-0.041347	-0.038945	-0.036614	-0.034451	-0.032555	-0.030951	-0.029506	-0.028072	-0.026560	-0.025153	-0.023696	-0.021972	-0.019733	-0.016842	-0.013730	-0.010886	-0.008742	-0.007167	-0.005905	-0.004729	-0.003525	-0.002638	-0.001723	-0.000312	0.002090	0.005649	0.009649	0.013290	0.015900	0.017791	0.019219	0.020355	0.021352	0.022173	0.022714	0.022878	0.022519	0.021459	0.020081	0.018840	0.018217	0.018372	0.018611	0.018159																										
																																					0.069594	0.077414	0.078298	0.075704	0.072916	0.072616	0.073218	0.074155	0.075314	0.076714	0.078781	0.080929	0.082416	0.082654	0.082076	0.080693	0.078386	0.074958	0.070119	0.064453	0.058658	0.053299	0.048021	0.042732	0.037441	0.032180	0.027023	0.021840	0.016473	0.010751	0.004610	-0.001694	-0.007869	-0.013728	-0.019576	-0.025194	-0.030261	-0.034487	-0.037929	-0.040801	-0.043305	-0.045592	-0.047509	-0.049110	-0.050497	-0.051823	-0.053272	-0.054447	-0.054877	-0.054083	-0.051963	-0.049132	-0.046263	-0.043891	-0.041644	-0.039482	-0.037480	-0.035716	-0.034226	-0.032882	-0.031545	-0.030132	-0.028828	-0.027468	-0.025825	-0.023656	-0.020881	-0.017849	-0.014952	-0.012512	-0.010355	-0.008390	-0.006576	-0.004944	-0.003732	-0.002591	-0.001085	0.001234	0.004463	0.008026	0.011292	0.013721	0.015532	0.016974	0.018241	0.019525	0.020851	0.021994	0.022712	0.022745	0.022000	0.020861	0.019762	0.019125	0.018971	0.018849	0.018283	0.016797																									
																																					0.071190	0.077892	0.078773	0.076659	0.074279	0.073848	0.073984	0.074315	0.074872	0.075782	0.077383	0.079096	0.080220	0.080199	0.079453	0.077977	0.075640	0.072245	0.067550	0.062075	0.056434	0.051120	0.045807	0.040438	0.035050	0.029692	0.024404	0.019085	0.013619	0.007877	0.001794	-0.004414	-0.010501	-0.016320	-0.022168	-0.027796	-0.032853	-0.037023	-0.040372	-0.043127	-0.045510	-0.047681	-0.049478	-0.050956	-0.052221	-0.053419	-0.054705	-0.055727	-0.056070	-0.055307	-0.053334	-0.050717	-0.048082	-0.045928	-0.043924	-0.042011	-0.040233	-0.038642	-0.037274	-0.036029	-0.034786	-0.033482	-0.032293	-0.031048	-0.029519	-0.027482	-0.024929	-0.022095	-0.019227	-0.016500	-0.013700	-0.010939	-0.008396	-0.006275	-0.004679	-0.003268	-0.001657	0.000527	0.003297	0.006262	0.009014	0.011189	0.012892	0.014346	0.015755	0.017339	0.019186	0.020958	0.022278	0.022788	0.022491	0.021741	0.020905	0.020299	0.019796	0.019249	0.018546	0.017613																									
																																					0.071692	0.077305	0.078225	0.076645	0.074736	0.074241	0.073995	0.073809	0.073840	0.074310	0.075466	0.076758	0.077533	0.077289	0.076431	0.074922	0.072599	0.069251	0.064680	0.059362	0.053850	0.048587	0.043264	0.037851	0.032407	0.026992	0.021619	0.016211	0.010684	0.004939	-0.001085	-0.007208	-0.013223	-0.019021	-0.024906	-0.030582	-0.035644	-0.039726	-0.042903	-0.045440	-0.047594	-0.049555	-0.051132	-0.052389	-0.053449	-0.054462	-0.055545	-0.056392	-0.056647	-0.055940	-0.054170	-0.051842	-0.049510	-0.047624	-0.045897	-0.044263	-0.042736	-0.041343	-0.040128	-0.039005	-0.037875	-0.036688	-0.035608	-0.034466	-0.033036	-0.031115	-0.028755	-0.026090	-0.023243	-0.020265	-0.016912	-0.013458	-0.010267	-0.007674	-0.005651	-0.003899	-0.002117	-0.000032	0.002297	0.004677	0.006919	0.008843	0.010442	0.011906	0.013436	0.015266	0.017535	0.019824	0.021649	0.022577	0.022701	0.022331	0.021762	0.021203	0.020387	0.019462	0.018659	0.018291																									
																																					0.070703	0.075526	0.076554	0.075480	0.074028	0.073563	0.073106	0.072597	0.072276	0.072422	0.073205	0.074120	0.074586	0.074166	0.073261	0.071773	0.069482	0.066124	0.061529	0.056186	0.050658	0.045394	0.040089	0.034701	0.029275	0.023858	0.018458	0.013019	0.007474	0.001748	-0.004213	-0.010261	-0.016225	-0.022039	-0.028037	-0.033841	-0.038954	-0.042929	-0.045856	-0.048062	-0.049865	-0.051496	-0.052714	-0.053609	-0.054349	-0.055114	-0.055980	-0.056666	-0.056856	-0.056225	-0.054694	-0.052694	-0.050698	-0.049091	-0.047633	-0.046259	-0.044976	-0.043802	-0.042790	-0.041850	-0.040876	-0.039813	-0.038825	-0.037748	-0.036359	-0.034468	-0.032145	-0.029488	-0.026574	-0.023406	-0.019734	-0.015889	-0.012292	-0.009309	-0.006814	-0.004610	-0.002526	-0.000425	0.001605	0.003543	0.005393	0.007129	0.008659	0.010131	0.011732	0.013689	0.016177	0.018736	0.020832	0.021998	0.022374	0.022241	0.021848	0.021328	0.020312	0.019159	0.018357	0.018510																									
																																				0.060734	0.067806	0.071965	0.073186	0.072699	0.071795	0.071481	0.070966	0.070298	0.069770	0.069688	0.070146	0.070713	0.070910	0.070399	0.069589	0.068273	0.066112	0.062731	0.057974	0.052423	0.046736	0.041446	0.036234	0.030992	0.025705	0.020369	0.015017	0.009609	0.004096	-0.001583	-0.007469	-0.013447	-0.019383	-0.025262	-0.031469	-0.037507	-0.042738	-0.046584	-0.049158	-0.050888	-0.052189	-0.053364	-0.054094	-0.054502	-0.054815	-0.055258	-0.055855	-0.056349	-0.056464	-0.055925	-0.054685	-0.053082	-0.051483	-0.050184	-0.048994	-0.047872	-0.046834	-0.045914	-0.045174	-0.044498	-0.043743	-0.042826	-0.041924	-0.040885	-0.039493	-0.037559	-0.035137	-0.032344	-0.029288	-0.026003	-0.022258	-0.018326	-0.014562	-0.011246	-0.008180	-0.005348	-0.002794	-0.000582	0.001212	0.002753	0.004239	0.005808	0.007290	0.008773	0.010404	0.012377	0.014880	0.017468	0.019617	0.020874	0.021393	0.021422	0.021172	0.020713	0.019596	0.018350	0.017662	0.018375	0.021121																								
																																				0.058396	0.063955	0.067537	0.068985	0.069103	0.068775	0.068671	0.068188	0.067459	0.066810	0.066557	0.066721	0.066956	0.066899	0.066320	0.065636	0.064520	0.062506	0.059102	0.054159	0.048367	0.042495	0.037175	0.032065	0.026989	0.021867	0.016642	0.011378	0.006047	0.000601	-0.005015	-0.010828	-0.016748	-0.022672	-0.028632	-0.035079	-0.041379	-0.046735	-0.050422	-0.052572	-0.053734	-0.054437	-0.055065	-0.055203	-0.055020	-0.054821	-0.054888	-0.055188	-0.055484	-0.055535	-0.055112	-0.054214	-0.053072	-0.051931	-0.050984	-0.050094	-0.049250	-0.048481	-0.047837	-0.047393	-0.046998	-0.046474	-0.045704	-0.044880	-0.043862	-0.042448	-0.040450	-0.037893	-0.034931	-0.031720	-0.028349	-0.024617	-0.020703	-0.016853	-0.013229	-0.009567	-0.006058	-0.002980	-0.000614	0.000988	0.002177	0.003334	0.004753	0.006196	0.007686	0.009322	0.011254	0.013675	0.016177	0.018276	0.019555	0.020170	0.020330	0.020206	0.019814	0.018638	0.017351	0.016810	0.018067	0.021907																								
																																				0.055977	0.060272	0.063375	0.065029	0.065674	0.065849	0.065943	0.065517	0.064767	0.064033	0.063628	0.063517	0.063433	0.063110	0.062411	0.061739	0.060695	0.058736	0.055306	0.050268	0.044361	0.038399	0.033059	0.027981	0.022968	0.017921	0.012771	0.007600	0.002369	-0.002990	-0.008544	-0.014302	-0.020185	-0.026104	-0.032125	-0.038764	-0.045267	-0.050691	-0.054175	-0.055875	-0.056444	-0.056515	-0.056542	-0.056007	-0.055146	-0.054368	-0.054034	-0.054048	-0.054177	-0.054204	-0.053936	-0.053424	-0.052794	-0.052161	-0.051617	-0.051092	-0.050588	-0.050131	-0.049769	-0.049586	-0.049422	-0.049081	-0.048433	-0.047669	-0.046665	-0.045234	-0.043201	-0.040574	-0.037518	-0.034201	-0.030730	-0.026926	-0.022920	-0.018905	-0.014968	-0.010782	-0.006696	-0.003171	-0.000660	0.000802	0.001715	0.002609	0.003907	0.005310	0.006793	0.008423	0.010315	0.012665	0.015096	0.017156	0.018460	0.019168	0.019452	0.019442	0.019096	0.017844	0.016489	0.016042	0.017739	0.022492																								
																																				0.054367	0.057725	0.060460	0.062233	0.063228	0.063739	0.063956	0.063566	0.062797	0.061982	0.061422	0.061053	0.060659	0.060036	0.059090	0.058172	0.056909	0.054800	0.051339	0.046416	0.040684	0.034857	0.029516	0.024312	0.019129	0.013950	0.008778	0.003681	-0.001435	-0.006689	-0.012190	-0.017930	-0.023811	-0.029734	-0.035770	-0.042494	-0.049068	-0.054445	-0.057668	-0.058909	-0.058895	-0.058332	-0.057716	-0.056418	-0.054781	-0.053352	-0.052610	-0.052390	-0.052434	-0.052520	-0.052471	-0.052399	-0.052332	-0.052264	-0.052194	-0.052130	-0.052062	-0.051977	-0.051888	-0.051884	-0.051834	-0.051574	-0.050996	-0.050260	-0.049262	-0.047840	-0.045853	-0.043337	-0.040386	-0.037085	-0.033462	-0.029335	-0.024919	-0.020489	-0.016193	-0.011623	-0.007176	-0.003386	-0.000781	0.000595	0.001328	0.002046	0.003248	0.004586	0.006026	0.007634	0.009533	0.011919	0.014408	0.016543	0.017937	0.018780	0.019204	0.019295	0.018948	0.017537	0.016001	0.015509	0.017468	0.022867																								
																																			0.049627	0.053169	0.055939	0.058416	0.060206	0.061356	0.062028	0.062317	0.061993	0.061269	0.060434	0.059753	0.059170	0.058496	0.057546	0.056217	0.054761	0.052946	0.050451	0.046954	0.042392	0.037172	0.031735	0.026413	0.020891	0.015258	0.009704	0.004417	-0.000584	-0.005512	-0.010597	-0.016044	-0.021812	-0.027751	-0.033713	-0.039749	-0.046497	-0.053056	-0.058292	-0.061169	-0.061869	-0.061185	-0.059887	-0.058492	-0.056241	-0.053629	-0.051407	-0.050223	-0.049839	-0.049923	-0.050205	-0.050482	-0.050958	-0.051563	-0.052164	-0.052663	-0.053166	-0.053629	-0.053977	-0.054161	-0.054263	-0.054222	-0.053947	-0.053380	-0.052619	-0.051591	-0.050192	-0.048354	-0.046190	-0.043617	-0.040512	-0.036702	-0.031992	-0.026816	-0.021681	-0.016924	-0.012028	-0.007346	-0.003405	-0.000729	0.000601	0.001218	0.001804	0.002897	0.004099	0.005403	0.006926	0.008837	0.011329	0.013977	0.016274	0.017810	0.018824	0.019409	0.019586	0.019176	0.017495	0.015634	0.014940	0.017004	0.022842	0.029509																							
																																			0.048900	0.052023	0.054448	0.056764	0.058554	0.059785	0.060551	0.060891	0.060641	0.059980	0.059143	0.058348	0.057563	0.056612	0.055321	0.053560	0.051464	0.048983	0.046021	0.042484	0.038363	0.033764	0.028803	0.023510	0.017611	0.011441	0.005434	-0.000005	-0.004920	-0.009657	-0.014567	-0.019965	-0.025775	-0.031784	-0.037785	-0.043790	-0.050500	-0.056969	-0.061999	-0.064496	-0.064652	-0.063305	-0.061272	-0.059077	-0.055825	-0.052185	-0.049126	-0.047484	-0.046939	-0.047081	-0.047581	-0.048207	-0.049257	-0.050566	-0.051871	-0.052984	-0.054114	-0.055171	-0.055994	-0.056454	-0.056625	-0.056537	-0.056198	-0.055618	-0.054822	-0.053767	-0.052400	-0.050731	-0.048965	-0.046820	-0.043941	-0.039923	-0.034550	-0.028515	-0.022608	-0.017405	-0.012282	-0.007495	-0.003501	-0.000774	0.000566	0.001154	0.001689	0.002715	0.003794	0.004967	0.006410	0.008348	0.010971	0.013800	0.016281	0.017965	0.019151	0.019888	0.020138	0.019649	0.017690	0.015487	0.014546	0.016603	0.022679	0.029677																							
																																			0.047841	0.050671	0.052875	0.055117	0.056982	0.058358	0.059257	0.059658	0.059454	0.058807	0.057921	0.056979	0.055957	0.054703	0.053067	0.050917	0.048291	0.045271	0.041930	0.038351	0.034566	0.030451	0.025861	0.020594	0.014411	0.007833	0.001477	-0.004096	-0.008980	-0.013610	-0.018416	-0.023778	-0.029609	-0.035645	-0.041635	-0.047557	-0.054148	-0.060449	-0.065232	-0.067379	-0.067089	-0.065215	-0.062587	-0.059710	-0.055592	-0.051051	-0.047240	-0.045149	-0.044374	-0.044465	-0.045072	-0.045968	-0.047517	-0.049462	-0.051422	-0.053126	-0.054896	-0.056573	-0.057898	-0.058641	-0.058877	-0.058735	-0.058327	-0.057750	-0.056965	-0.055927	-0.054601	-0.053031	-0.051487	-0.049564	-0.046764	-0.042528	-0.036601	-0.029880	-0.023383	-0.017883	-0.012700	-0.007966	-0.004029	-0.001267	0.000154	0.000834	0.001449	0.002517	0.003596	0.004757	0.006211	0.008214	0.010952	0.013921	0.016537	0.018338	0.019656	0.020510	0.020821	0.020290	0.018165	0.015747	0.014625	0.016611	0.022708	0.029767																							
																																			0.046296	0.048841	0.050864	0.053118	0.055222	0.056931	0.058107	0.058606	0.058389	0.057652	0.056614	0.055464	0.054133	0.052523	0.050553	0.048142	0.045282	0.042064	0.038585	0.034955	0.031232	0.027229	0.022731	0.017473	0.011239	0.004582	-0.001856	-0.007496	-0.012456	-0.017159	-0.022008	-0.027369	-0.033169	-0.039140	-0.045023	-0.050784	-0.057153	-0.063190	-0.067692	-0.069567	-0.069019	-0.066869	-0.063907	-0.060595	-0.055906	-0.050749	-0.046380	-0.043862	-0.042706	-0.042502	-0.042972	-0.043959	-0.045842	-0.048272	-0.050770	-0.053004	-0.055407	-0.057733	-0.059595	-0.060646	-0.060968	-0.060799	-0.060356	-0.059835	-0.059174	-0.058260	-0.056995	-0.055363	-0.053638	-0.051470	-0.048411	-0.043935	-0.037719	-0.030720	-0.024032	-0.018519	-0.013536	-0.009080	-0.005344	-0.002573	-0.000970	-0.000020	0.000876	0.002176	0.003492	0.004883	0.006532	0.008667	0.011474	0.014477	0.017121	0.018970	0.020344	0.021253	0.021610	0.021117	0.019046	0.016665	0.015520	0.017377	0.023206	0.029948																							
																																			0.044055	0.046435	0.048418	0.050815	0.053323	0.055534	0.057117	0.057760	0.057491	0.056585	0.055319	0.053916	0.052229	0.050232	0.047945	0.045385	0.042545	0.039417	0.035996	0.032291	0.028365	0.024124	0.019453	0.014183	0.008114	0.001682	-0.004598	-0.010266	-0.015441	-0.020423	-0.025492	-0.030907	-0.036649	-0.042483	-0.048170	-0.053676	-0.059679	-0.065309	-0.069449	-0.071090	-0.070441	-0.068233	-0.065168	-0.061627	-0.056620	-0.051086	-0.046309	-0.043348	-0.041616	-0.040836	-0.040900	-0.041800	-0.043870	-0.046672	-0.049645	-0.052415	-0.055550	-0.058667	-0.061194	-0.062614	-0.063033	-0.062826	-0.062356	-0.061956	-0.061582	-0.060960	-0.059815	-0.057954	-0.055603	-0.052654	-0.048925	-0.044115	-0.037782	-0.030816	-0.024281	-0.019051	-0.014622	-0.010793	-0.007503	-0.004770	-0.002840	-0.001368	0.000084	0.001859	0.003693	0.005596	0.007656	0.010016	0.012861	0.015802	0.018373	0.020206	0.021567	0.022470	0.022849	0.022451	0.020626	0.018494	0.017419	0.018969	0.024037	0.029865																							
																																			0.041551	0.043857	0.045891	0.048502	0.051488	0.054270	0.056305	0.057099	0.056743	0.055609	0.054060	0.052367	0.050281	0.047862	0.045252	0.042592	0.039895	0.037003	0.033742	0.029965	0.025729	0.021105	0.016152	0.010869	0.005064	-0.001006	-0.007016	-0.012683	-0.018118	-0.023456	-0.028804	-0.034281	-0.039935	-0.045584	-0.051021	-0.056225	-0.061796	-0.066956	-0.070708	-0.072159	-0.071517	-0.069398	-0.066379	-0.062744	-0.057567	-0.051798	-0.046712	-0.043330	-0.040967	-0.039515	-0.039070	-0.039802	-0.041979	-0.045073	-0.048453	-0.051716	-0.055560	-0.059457	-0.062644	-0.064429	-0.064942	-0.064703	-0.064211	-0.063943	-0.063885	-0.063580	-0.062552	-0.060391	-0.057252	-0.053340	-0.048820	-0.043688	-0.037379	-0.030651	-0.024470	-0.019668	-0.015929	-0.012843	-0.010075	-0.007389	-0.005077	-0.002986	-0.000871	0.001471	0.003931	0.006451	0.009003	0.011616	0.014480	0.017312	0.019762	0.021546	0.022852	0.023713	0.024105	0.023845	0.022388	0.020645	0.019729	0.020946	0.025105	0.029822																							
																																			0.039303	0.041554	0.043649	0.046469	0.049913	0.053235	0.055686	0.056596	0.056113	0.054710	0.052836	0.050813	0.048283	0.045401	0.042437	0.039661	0.037108	0.034461	0.031383	0.027566	0.023075	0.018132	0.012947	0.007669	0.002112	-0.003625	-0.009378	-0.015021	-0.020656	-0.026274	-0.031833	-0.037323	-0.042849	-0.048282	-0.053454	-0.058360	-0.063523	-0.068252	-0.071664	-0.072980	-0.072418	-0.070467	-0.067572	-0.063907	-0.058616	-0.052666	-0.047331	-0.043604	-0.040715	-0.038698	-0.037822	-0.038407	-0.040669	-0.044001	-0.047703	-0.051339	-0.055708	-0.060181	-0.063857	-0.065920	-0.066524	-0.066280	-0.065779	-0.065590	-0.065722	-0.065595	-0.064599	-0.062174	-0.058397	-0.053727	-0.048616	-0.043311	-0.037165	-0.030795	-0.025036	-0.020647	-0.017476	-0.014967	-0.012589	-0.009920	-0.007270	-0.004647	-0.001966	0.000863	0.003860	0.006909	0.009879	0.012703	0.015570	0.018296	0.020629	0.022360	0.023598	0.024407	0.024820	0.024737	0.023701	0.022422	0.021776	0.022828	0.026350	0.030249																							
																																			0.037651	0.039832	0.041954	0.044942	0.048777	0.052560	0.055354	0.056326	0.055682	0.053981	0.051744	0.049332	0.046280	0.042846	0.039442	0.036470	0.033955	0.031461	0.028527	0.024739	0.020195	0.015178	0.009952	0.004717	-0.000710	-0.006285	-0.011906	-0.017504	-0.023190	-0.028885	-0.034473	-0.039881	-0.045230	-0.050431	-0.055356	-0.060015	-0.064876	-0.069304	-0.072494	-0.073744	-0.073295	-0.071528	-0.068763	-0.065069	-0.059625	-0.053456	-0.047886	-0.043936	-0.040771	-0.038482	-0.037417	-0.037972	-0.040356	-0.043895	-0.047820	-0.051643	-0.056211	-0.060884	-0.064734	-0.066923	-0.067623	-0.067444	-0.066969	-0.066759	-0.066815	-0.066576	-0.065451	-0.062883	-0.058889	-0.054004	-0.048783	-0.043573	-0.037742	-0.031785	-0.026411	-0.022277	-0.019310	-0.016950	-0.014636	-0.011914	-0.009075	-0.006185	-0.003223	-0.000144	0.003131	0.006451	0.009637	0.012571	0.015443	0.018117	0.020393	0.022094	0.023267	0.024027	0.024480	0.024605	0.023990	0.023205	0.022970	0.024219	0.027782	0.031618																							
																																			0.036068	0.038257	0.040488	0.043723	0.048044	0.052380	0.055585	0.056642	0.055832	0.053797	0.051126	0.048206	0.044438	0.040233	0.036203	0.032930	0.030402	0.028053	0.025295	0.021615	0.017185	0.012289	0.007172	0.002015	-0.003364	-0.008902	-0.014479	-0.020015	-0.025636	-0.031254	-0.036733	-0.041979	-0.047104	-0.052053	-0.056736	-0.061190	-0.065845	-0.070090	-0.073162	-0.074408	-0.074110	-0.072544	-0.069914	-0.066180	-0.060528	-0.054084	-0.048271	-0.044194	-0.040972	-0.038675	-0.037641	-0.038270	-0.040808	-0.044528	-0.048590	-0.052439	-0.056917	-0.061456	-0.065211	-0.067425	-0.068284	-0.068296	-0.067932	-0.067637	-0.067390	-0.066774	-0.065361	-0.062730	-0.058836	-0.054160	-0.049217	-0.044347	-0.039017	-0.033597	-0.028635	-0.024636	-0.021535	-0.018913	-0.016351	-0.013517	-0.010651	-0.007765	-0.004799	-0.001678	0.001669	0.005073	0.008334	0.011320	0.014233	0.016937	0.019231	0.020920	0.021997	0.022667	0.023145	0.023515	0.023357	0.023147	0.023509	0.025334	0.029625	0.034154																							
																																			0.034915	0.037103	0.039414	0.042850	0.047584	0.052384	0.055916	0.056998	0.055972	0.053564	0.050429	0.046981	0.042491	0.037517	0.032862	0.029282	0.026723	0.024501	0.021917	0.018375	0.014125	0.009430	0.004486	-0.000573	-0.005932	-0.011478	-0.017037	-0.022484	-0.027971	-0.033420	-0.038707	-0.043737	-0.048597	-0.053265	-0.057695	-0.061952	-0.066427	-0.070533	-0.073539	-0.074840	-0.074762	-0.073476	-0.071060	-0.067355	-0.061556	-0.054897	-0.048906	-0.044787	-0.041624	-0.039436	-0.038519	-0.039246	-0.041920	-0.045763	-0.049873	-0.053620	-0.057812	-0.062000	-0.065474	-0.067607	-0.068602	-0.068814	-0.068557	-0.068113	-0.067423	-0.066283	-0.064498	-0.061852	-0.058242	-0.054021	-0.049588	-0.045212	-0.040512	-0.035726	-0.031224	-0.027331	-0.023965	-0.020910	-0.017964	-0.014982	-0.012130	-0.009333	-0.006463	-0.003388	-0.000076	0.003299	0.006541	0.009523	0.012450	0.015176	0.017488	0.019163	0.020143	0.020727	0.021249	0.021900	0.022240	0.022664	0.023719	0.026283	0.031570	0.037084																							
																																			0.034732	0.036786	0.038998	0.042425	0.047270	0.052204	0.055780	0.056715	0.055371	0.052548	0.048970	0.045095	0.040109	0.034639	0.029589	0.025804	0.023214	0.021067	0.018598	0.015164	0.011070	0.006553	0.001768	-0.003192	-0.008514	-0.014041	-0.019551	-0.024879	-0.030193	-0.035434	-0.040489	-0.045269	-0.049831	-0.054188	-0.058336	-0.062368	-0.066624	-0.070558	-0.073498	-0.074909	-0.075161	-0.074296	-0.072247	-0.068727	-0.062968	-0.056281	-0.050265	-0.046182	-0.043094	-0.040989	-0.040142	-0.040914	-0.043649	-0.047527	-0.051586	-0.055132	-0.058930	-0.062654	-0.065731	-0.067667	-0.068665	-0.068947	-0.068685	-0.068013	-0.066824	-0.065126	-0.062962	-0.060329	-0.057078	-0.053410	-0.049582	-0.045772	-0.041755	-0.037653	-0.033658	-0.029930	-0.026376	-0.022960	-0.019674	-0.016530	-0.013607	-0.010787	-0.007924	-0.004871	-0.001615	0.001681	0.004839	0.007745	0.010583	0.013223	0.015472	0.017112	0.018032	0.018598	0.019228	0.020195	0.021067	0.022147	0.023883	0.027111	0.033227																								
																																			0.036124	0.037795	0.039577	0.042617	0.047051	0.051550	0.054687	0.055183	0.053350	0.050051	0.046089	0.041998	0.036966	0.031542	0.026548	0.022763	0.020148	0.017977	0.015501	0.012089	0.008042	0.003591	-0.001115	-0.005986	-0.011212	-0.016629	-0.022006	-0.027172	-0.032301	-0.037333	-0.042151	-0.046657	-0.050888	-0.054894	-0.058711	-0.062453	-0.066374	-0.070023	-0.072846	-0.074433	-0.075189	-0.074984	-0.073563	-0.070483	-0.065080	-0.058681	-0.052875	-0.048904	-0.045813	-0.043634	-0.042686	-0.043379	-0.046056	-0.049850	-0.053752	-0.057012	-0.060371	-0.063591	-0.066197	-0.067787	-0.068548	-0.068633	-0.068145	-0.067135	-0.065432	-0.063213	-0.060716	-0.058116	-0.055237	-0.052139	-0.048937	-0.045718	-0.042402	-0.039010	-0.035589	-0.032167	-0.028688	-0.025199	-0.021767	-0.018452	-0.015242	-0.012094	-0.008967	-0.005806	-0.002558	0.000651	0.003675	0.006407	0.008966	0.011300	0.013320	0.014888	0.015836	0.016526	0.017386	0.018723	0.020170	0.021911	0.024245	0.027897	0.034362																								
																																			0.039405	0.040428	0.041428	0.043686	0.047166	0.050635	0.052817	0.052543	0.049995	0.046099	0.041764	0.037650	0.033032	0.028217	0.023747	0.020155	0.017485	0.015146	0.012506	0.009026	0.004939	0.000474	-0.004202	-0.008982	-0.014055	-0.019276	-0.024436	-0.029384	-0.034288	-0.039076	-0.043619	-0.047803	-0.051651	-0.055246	-0.058666	-0.062028	-0.065465	-0.068683	-0.071332	-0.073206	-0.074745	-0.075568	-0.075147	-0.072830	-0.068129	-0.062346	-0.056990	-0.053222	-0.050066	-0.047662	-0.046452	-0.046953	-0.049474	-0.053087	-0.056724	-0.059576	-0.062369	-0.064946	-0.066918	-0.067961	-0.068225	-0.067835	-0.066877	-0.065355	-0.063002	-0.060170	-0.057310	-0.054799	-0.052454	-0.050142	-0.047779	-0.045310	-0.042818	-0.040247	-0.037518	-0.034555	-0.031368	-0.028019	-0.024568	-0.021033	-0.017287	-0.013482	-0.009813	-0.006426	-0.003178	-0.000114	0.002672	0.005090	0.007131	0.008898	0.010497	0.011963	0.013061	0.014069	0.015348	0.017170	0.019284	0.021753	0.024715	0.028761	0.035458																								
																																			0.043551	0.043800	0.043845	0.045115	0.047348	0.049466	0.050421	0.049216	0.045870	0.041355	0.036684	0.032655	0.028673	0.024733	0.021010	0.017718	0.015006	0.012462	0.009610	0.006034	0.001875	-0.002638	-0.007308	-0.012000	-0.016902	-0.021899	-0.026811	-0.031514	-0.036166	-0.040681	-0.044921	-0.048756	-0.052194	-0.055353	-0.058355	-0.061316	-0.064241	-0.067007	-0.069484	-0.071686	-0.074081	-0.076031	-0.076726	-0.075306	-0.071483	-0.066500	-0.061743	-0.058252	-0.055041	-0.052384	-0.050864	-0.051114	-0.053400	-0.056733	-0.060007	-0.062365	-0.064513	-0.066365	-0.067619	-0.068014	-0.067656	-0.066663	-0.065131	-0.063041	-0.060021	-0.056585	-0.053381	-0.050975	-0.049189	-0.047694	-0.046202	-0.044510	-0.042860	-0.041132	-0.039125	-0.036675	-0.033873	-0.030762	-0.027358	-0.023601	-0.019246	-0.014679	-0.010382	-0.006741	-0.003501	-0.000616	0.001886	0.003932	0.005369	0.006474	0.007579	0.008919	0.010195	0.011571	0.013310	0.015631	0.018431	0.021627	0.025168	0.029465	0.036105																								
																																			0.047399	0.046896	0.046007	0.046287	0.047247	0.047984	0.047703	0.045601	0.041537	0.036502	0.031575	0.027654	0.024277	0.021162	0.018154	0.015182	0.012494	0.009832	0.006844	0.003214	-0.001000	-0.005558	-0.010227	-0.014842	-0.019598	-0.024400	-0.029089	-0.033555	-0.037948	-0.042178	-0.046106	-0.049597	-0.052633	-0.055373	-0.057986	-0.060605	-0.063130	-0.065560	-0.067929	-0.070410	-0.073491	-0.076348	-0.077972	-0.077364	-0.074409	-0.070259	-0.066150	-0.062988	-0.059810	-0.056993	-0.055225	-0.055224	-0.057202	-0.060157	-0.062980	-0.064805	-0.066300	-0.067441	-0.067998	-0.067767	-0.066809	-0.065246	-0.063189	-0.060612	-0.057073	-0.053187	-0.049730	-0.047395	-0.046004	-0.045102	-0.044266	-0.043199	-0.042270	-0.041284	-0.039924	-0.037937	-0.035494	-0.032619	-0.029288	-0.025371	-0.020523	-0.015332	-0.010523	-0.006686	-0.003472	-0.000755	0.001489	0.003206	0.004124	0.004659	0.005330	0.006527	0.007898	0.009522	0.011589	0.014300	0.017712	0.021548	0.025504	0.029725																									
																																			0.050026	0.048879	0.047199	0.046631	0.046497	0.046056	0.044742	0.041938	0.037393	0.032058	0.027005	0.023153	0.020134	0.017519	0.014974	0.012271	0.009737	0.007164	0.004236	0.000655	-0.003555	-0.008127	-0.012791	-0.017350	-0.022025	-0.026718	-0.031259	-0.035529	-0.039673	-0.043616	-0.047239	-0.050410	-0.053071	-0.055431	-0.057721	-0.060120	-0.062479	-0.064818	-0.067202	-0.069837	-0.073209	-0.076465	-0.078564	-0.078506	-0.076277	-0.072896	-0.069435	-0.066659	-0.063682	-0.060920	-0.059074	-0.058866	-0.060466	-0.062926	-0.065206	-0.066485	-0.067368	-0.067870	-0.067823	-0.067073	-0.065642	-0.063655	-0.061236	-0.058371	-0.054609	-0.050566	-0.047023	-0.044677	-0.043344	-0.042572	-0.041947	-0.041196	-0.040745	-0.040298	-0.039419	-0.037755	-0.035540	-0.032815	-0.029546	-0.025587	-0.020530	-0.015065	-0.010039	-0.006145	-0.002990	-0.000404	0.001668	0.003185	0.003826	0.004061	0.004476	0.005521	0.006803	0.008398	0.010502	0.013373	0.017241	0.021543	0.025620	0.029216																									
																																			0.052096	0.050207	0.047666	0.046222	0.044996	0.043410	0.041132	0.037749	0.032940	0.027546	0.022540	0.018773	0.015954	0.013620	0.011373	0.008944	0.006716	0.004447	0.001769	-0.001666	-0.005833	-0.010418	-0.015095	-0.019633	-0.024295	-0.028962	-0.033427	-0.037533	-0.041429	-0.045072	-0.048374	-0.051216	-0.053480	-0.055441	-0.057423	-0.059688	-0.062087	-0.064557	-0.067076	-0.069760	-0.073069	-0.076274	-0.078476	-0.078821	-0.077336	-0.074838	-0.072171	-0.069925	-0.067358	-0.064869	-0.063104	-0.062719	-0.063841	-0.065645	-0.067231	-0.067884	-0.068111	-0.067952	-0.067295	-0.066024	-0.064115	-0.061716	-0.058990	-0.055974	-0.052262	-0.048358	-0.044909	-0.042480	-0.040882	-0.039802	-0.038975	-0.038265	-0.038093	-0.038032	-0.037511	-0.036065	-0.033983	-0.031344	-0.028140	-0.024238	-0.019202	-0.013746	-0.008746	-0.004928	-0.001894	0.000551	0.002490	0.003909	0.004493	0.004676	0.005005	0.005887	0.006913	0.008221	0.010083	0.012887	0.017071	0.021663	0.025510	0.027753																									
																																			0.053647	0.051108	0.047796	0.045531	0.043245	0.040542	0.037336	0.033430	0.028446	0.023084	0.018191	0.014513	0.011834	0.009696	0.007685	0.005531	0.003668	0.001788	-0.000563	-0.003807	-0.007908	-0.012493	-0.017181	-0.021703	-0.026377	-0.031049	-0.035462	-0.039416	-0.043059	-0.046395	-0.049375	-0.051903	-0.053794	-0.055393	-0.057112	-0.059314	-0.061875	-0.064598	-0.067318	-0.069996	-0.073057	-0.075973	-0.078064	-0.078688	-0.077884	-0.076242	-0.074369	-0.072678	-0.070593	-0.068470	-0.066854	-0.066294	-0.066877	-0.067939	-0.068763	-0.068775	-0.068367	-0.067590	-0.066377	-0.064644	-0.062324	-0.059590	-0.056642	-0.053577	-0.050070	-0.046457	-0.043190	-0.040641	-0.038609	-0.036989	-0.035732	-0.034902	-0.034872	-0.035081	-0.034828	-0.033538	-0.031551	-0.028989	-0.025872	-0.022093	-0.017214	-0.011926	-0.007087	-0.003405	-0.000499	0.001831	0.003679	0.005052	0.005672	0.005902	0.006207	0.006910	0.007591	0.008486	0.009971	0.012596	0.017019	0.021812	0.025285	0.025908																									
																																				0.051678	0.047920	0.045025	0.041799	0.038055	0.033960	0.029542	0.024339	0.018940	0.014097	0.010489	0.007963	0.006045	0.004284	0.002392	0.000850	-0.000695	-0.002759	-0.005824	-0.009842	-0.014395	-0.019062	-0.023544	-0.028203	-0.032856	-0.037201	-0.040992	-0.044376	-0.047404	-0.050082	-0.052348	-0.053957	-0.055298	-0.056852	-0.059053	-0.061820	-0.064826	-0.067756	-0.070420	-0.073214	-0.075799	-0.077703	-0.078481	-0.078158	-0.077145	-0.075866	-0.074602	-0.072923	-0.071120	-0.069628	-0.068875	-0.068907	-0.069234	-0.069330	-0.068773	-0.067845	-0.066592	-0.064974	-0.062932	-0.060381	-0.057493	-0.054475	-0.051452	-0.048185	-0.044867	-0.041770	-0.039092	-0.036611	-0.034426	-0.032704	-0.031698	-0.031725	-0.032110	-0.032051	-0.030891	-0.029014	-0.026565	-0.023577	-0.019961	-0.015291	-0.010224	-0.005577	-0.002022	0.000815	0.003109	0.004926	0.006264	0.006885	0.007110	0.007343	0.007845	0.008173	0.008657	0.009776	0.012236	0.016878	0.021874	0.025061																										
																																				0.052053	0.048337	0.045107	0.041134	0.036469	0.031536	0.026570	0.020979	0.015317	0.010344	0.006761	0.004474	0.002907	0.001490	-0.000169	-0.001531	-0.002923	-0.004852	-0.007793	-0.011710	-0.016175	-0.020754	-0.025142	-0.029721	-0.034286	-0.038508	-0.042105	-0.045206	-0.047920	-0.050325	-0.052410	-0.053893	-0.055160	-0.056701	-0.058975	-0.061950	-0.065210	-0.068330	-0.071018	-0.073665	-0.076043	-0.077793	-0.078574	-0.078386	-0.077570	-0.076483	-0.075368	-0.073886	-0.072246	-0.070771	-0.069775	-0.069267	-0.068922	-0.068395	-0.067411	-0.066159	-0.064662	-0.062888	-0.060789	-0.058311	-0.055573	-0.052717	-0.049830	-0.046749	-0.043604	-0.040581	-0.037783	-0.034953	-0.032331	-0.030244	-0.029084	-0.029112	-0.029588	-0.029659	-0.028631	-0.026926	-0.024676	-0.021886	-0.018451	-0.013976	-0.009093	-0.004583	-0.001076	0.001827	0.004225	0.006100	0.007375	0.007839	0.007850	0.007843	0.008088	0.008084	0.008229	0.009089	0.011489	0.016382	0.021673	0.024885																										
																																				0.052367	0.048981	0.045611	0.041059	0.035601	0.029894	0.024344	0.018191	0.012041	0.006759	0.003160	0.001203	0.000126	-0.000848	-0.002291	-0.003603	-0.005013	-0.006943	-0.009796	-0.013566	-0.017858	-0.022263	-0.026502	-0.030961	-0.035404	-0.039467	-0.042829	-0.045579	-0.047920	-0.050036	-0.052012	-0.053534	-0.054937	-0.056661	-0.059145	-0.062433	-0.066029	-0.069401	-0.072160	-0.074723	-0.076923	-0.078460	-0.079028	-0.078569	-0.077466	-0.076136	-0.074892	-0.073435	-0.071850	-0.070316	-0.068999	-0.067875	-0.066810	-0.065669	-0.064349	-0.062945	-0.061433	-0.059760	-0.057883	-0.055832	-0.053610	-0.051214	-0.048618	-0.045745	-0.042724	-0.039710	-0.036763	-0.033564	-0.030478	-0.027985	-0.026597	-0.026505	-0.026942	-0.027048	-0.026135	-0.024667	-0.022714	-0.020212	-0.017002	-0.012750	-0.008060	-0.003662	-0.000124	0.003017	0.005711	0.007768	0.008954	0.009092	0.008651	0.008176	0.008008	0.007532	0.007227	0.007779	0.010138	0.015300	0.020987	0.024519																										
																																				0.052307	0.049642	0.046356	0.041352	0.035174	0.028730	0.022605	0.015848	0.009141	0.003488	-0.000148	-0.001766	-0.002329	-0.002847	-0.004093	-0.005402	-0.006887	-0.008865	-0.011647	-0.015262	-0.019360	-0.023566	-0.027631	-0.031935	-0.036221	-0.040102	-0.043222	-0.045628	-0.047615	-0.049476	-0.051397	-0.053047	-0.054682	-0.056671	-0.059407	-0.063018	-0.066941	-0.070547	-0.073366	-0.075845	-0.077857	-0.079136	-0.079386	-0.078478	-0.076879	-0.075116	-0.073615	-0.072094	-0.070503	-0.068875	-0.067227	-0.065505	-0.063763	-0.062074	-0.060508	-0.059074	-0.057689	-0.056265	-0.054756	-0.053295	-0.051750	-0.049944	-0.047709	-0.045054	-0.042135	-0.039109	-0.036017	-0.032473	-0.028952	-0.026063	-0.024424	-0.024147	-0.024466	-0.024545	-0.023728	-0.022509	-0.020886	-0.018707	-0.015751	-0.011761	-0.007301	-0.003039	0.000541	0.003966	0.007018	0.009306	0.010413	0.010193	0.009258	0.008287	0.007718	0.006816	0.006123	0.006430	0.008790	0.014207	0.020289																											
																																					0.050113	0.047199	0.041842	0.034958	0.027778	0.021140	0.013871	0.006698	0.000734	-0.002941	-0.004291	-0.004444	-0.004590	-0.005657	-0.006930	-0.008434	-0.010415	-0.013126	-0.016628	-0.020586	-0.024636	-0.028533	-0.032648	-0.036731	-0.040408	-0.043323	-0.045482	-0.047233	-0.048937	-0.050843	-0.052621	-0.054463	-0.056667	-0.059578	-0.063390	-0.067501	-0.071220	-0.074022	-0.076370	-0.078172	-0.079194	-0.079155	-0.077871	-0.075868	-0.073752	-0.072026	-0.070425	-0.068799	-0.067078	-0.065168	-0.062989	-0.060741	-0.058659	-0.056952	-0.055567	-0.054366	-0.053220	-0.052074	-0.051153	-0.050213	-0.048931	-0.047020	-0.044556	-0.041724	-0.038698	-0.035514	-0.031735	-0.027906	-0.024731	-0.022897	-0.022451	-0.022643	-0.022677	-0.021935	-0.020927	-0.019591	-0.017708	-0.015015	-0.011324	-0.007148	-0.003081	0.000477	0.004095	0.007414	0.009889	0.010961	0.010504	0.009245	0.007976	0.007224	0.006181	0.005399	0.005693	0.008144	0.013771	0.020136																											
																																					0.050339	0.048199	0.042541	0.034844	0.026839	0.019765	0.012190	0.004783	-0.001322	-0.005019	-0.006243	-0.006186	-0.006117	-0.007025	-0.008149	-0.009514	-0.011378	-0.014009	-0.017491	-0.021443	-0.025448	-0.029209	-0.033085	-0.036893	-0.040334	-0.043114	-0.045216	-0.046956	-0.048672	-0.050600	-0.052438	-0.054353	-0.056605	-0.059508	-0.063278	-0.067315	-0.070925	-0.073575	-0.075700	-0.077254	-0.078056	-0.077877	-0.076517	-0.074472	-0.072318	-0.070536	-0.068884	-0.067204	-0.065405	-0.063368	-0.060981	-0.058512	-0.056277	-0.054556	-0.053271	-0.052245	-0.051315	-0.050406	-0.049791	-0.049181	-0.048189	-0.046473	-0.044136	-0.041384	-0.038400	-0.035228	-0.031411	-0.027516	-0.024272	-0.022384	-0.021867	-0.021997	-0.022011	-0.021322	-0.020424	-0.019246	-0.017562	-0.015116	-0.011769	-0.007963	-0.004202	-0.000808	0.002766	0.006113	0.008639	0.009741	0.009293	0.008066	0.006903	0.006384	0.005731	0.005400	0.006105	0.008842	0.014698																												
																																					0.050784	0.050028	0.044046	0.035228	0.026101	0.018564	0.010819	0.003363	-0.002738	-0.006434	-0.007622	-0.007491	-0.007308	-0.008058	-0.008934	-0.010029	-0.011681	-0.014245	-0.017826	-0.021930	-0.026012	-0.029649	-0.033183	-0.036580	-0.039704	-0.042411	-0.044666	-0.046659	-0.048599	-0.050618	-0.052487	-0.054379	-0.056546	-0.059284	-0.062784	-0.066495	-0.069781	-0.072142	-0.073950	-0.075210	-0.075812	-0.075603	-0.074415	-0.072626	-0.070681	-0.068944	-0.067196	-0.065365	-0.063438	-0.061361	-0.058981	-0.056556	-0.054405	-0.052816	-0.051734	-0.050943	-0.050237	-0.049504	-0.049039	-0.048561	-0.047686	-0.046072	-0.043804	-0.041111	-0.038208	-0.035171	-0.031550	-0.027869	-0.024812	-0.023039	-0.022579	-0.022733	-0.022764	-0.022094	-0.021165	-0.019965	-0.018347	-0.016136	-0.013212	-0.009910	-0.006615	-0.003561	-0.000288	0.002824	0.005240	0.006401	0.006148	0.005251	0.004562	0.004703	0.005000	0.005729	0.007382	0.010792	0.017198																												
																																						0.051730	0.045549	0.035691	0.025514	0.017607	0.009808	0.002412	-0.003617	-0.007315	-0.008559	-0.008476	-0.008283	-0.008900	-0.009490	-0.010248	-0.011636	-0.014127	-0.017839	-0.022141	-0.026340	-0.029865	-0.033040	-0.036003	-0.038805	-0.041477	-0.043976	-0.046328	-0.048574	-0.050713	-0.052602	-0.054433	-0.056453	-0.058940	-0.062043	-0.065285	-0.068123	-0.070120	-0.071565	-0.072510	-0.072919	-0.072722	-0.071798	-0.070379	-0.068744	-0.067106	-0.065272	-0.063286	-0.061254	-0.059223	-0.057002	-0.054799	-0.052888	-0.051529	-0.050711	-0.050189	-0.049713	-0.049130	-0.048739	-0.048294	-0.047451	-0.045890	-0.043661	-0.041017	-0.038209	-0.035353	-0.032025	-0.028675	-0.025900	-0.024290	-0.023892	-0.024054	-0.024080	-0.023411	-0.022426	-0.021179	-0.019612	-0.017642	-0.015167	-0.012407	-0.009622	-0.006960	-0.004074	-0.001279	0.000993	0.002268	0.002349	0.001973	0.001968	0.002982	0.004506	0.006571	0.009365	0.013475	0.020285																												
																																						0.052107	0.046024	0.035675	0.024967	0.016945	0.009207	0.001911	-0.004049	-0.007784	-0.009185	-0.009285	-0.009199	-0.009742	-0.010066	-0.010486	-0.011590	-0.013976	-0.017751	-0.022176	-0.026443	-0.029874	-0.032776	-0.035419	-0.037987	-0.040644	-0.043344	-0.045986	-0.048476	-0.050708	-0.052614	-0.054391	-0.056267	-0.058490	-0.061167	-0.063907	-0.066268	-0.067888	-0.068974	-0.069613	-0.069830	-0.069624	-0.068910	-0.067802	-0.066448	-0.064938	-0.063104	-0.061079	-0.059060	-0.057172	-0.055209	-0.053320	-0.051722	-0.050634	-0.050085	-0.049817	-0.049552	-0.049107	-0.048775	-0.048348	-0.047521	-0.046004	-0.043815	-0.041220	-0.038493	-0.035782	-0.032691	-0.029600	-0.027029	-0.025489	-0.025024	-0.025064	-0.024999	-0.024338	-0.023405	-0.022259	-0.020863	-0.019162	-0.017095	-0.014798	-0.012431	-0.010072	-0.007473	-0.004886	-0.002654	-0.001167	-0.000642	-0.000399	0.000334	0.002211	0.004931	0.008242	0.011975	0.016379																													
																																							0.044548	0.034699	0.024400	0.016676	0.009137	0.001945	-0.004003	-0.007838	-0.009534	-0.009994	-0.010171	-0.010734	-0.010851	-0.010961	-0.011776	-0.013995	-0.017678	-0.022045	-0.026263	-0.029627	-0.032452	-0.035023	-0.037544	-0.040197	-0.042947	-0.045659	-0.048203	-0.050448	-0.052371	-0.054135	-0.055917	-0.057914	-0.060211	-0.062499	-0.064426	-0.065701	-0.066465	-0.066822	-0.066835	-0.066540	-0.065850	-0.064845	-0.063631	-0.062266	-0.060600	-0.058774	-0.056985	-0.055364	-0.053728	-0.052189	-0.050919	-0.050099	-0.049781	-0.049715	-0.049622	-0.049319	-0.049090	-0.048741	-0.047981	-0.046538	-0.044422	-0.041892	-0.039217	-0.036543	-0.033498	-0.030431	-0.027822	-0.026126	-0.025325	-0.024987	-0.024672	-0.024044	-0.023410	-0.022696	-0.021730	-0.020360	-0.018614	-0.016607	-0.014449	-0.012183	-0.009596	-0.006929	-0.004496	-0.002651	-0.001577	-0.000676	0.000731	0.003278	0.006912	0.011070	0.015182	0.019051																													
																																							0.041326	0.032938	0.023964	0.016985	0.009861	0.002865	-0.003068	-0.007075	-0.009286	-0.010389	-0.011069	-0.011750	-0.011659	-0.011401	-0.011848	-0.013820	-0.017282	-0.021461	-0.025560	-0.028918	-0.031879	-0.034646	-0.037328	-0.040025	-0.042730	-0.045352	-0.047802	-0.049991	-0.051909	-0.053659	-0.055348	-0.057104	-0.059000	-0.060812	-0.062281	-0.063187	-0.063615	-0.063671	-0.063443	-0.062980	-0.062168	-0.061108	-0.059945	-0.058775	-0.057470	-0.056104	-0.054794	-0.053615	-0.052449	-0.051378	-0.050524	-0.050022	-0.049932	-0.050038	-0.050097	-0.049951	-0.049866	-0.049644	-0.048999	-0.047664	-0.045669	-0.043240	-0.040609	-0.037894	-0.034748	-0.031515	-0.028658	-0.026579	-0.025129	-0.024105	-0.023340	-0.022769	-0.022707	-0.022800	-0.022578	-0.021647	-0.020192	-0.018361	-0.016254	-0.013901	-0.011082	-0.008060	-0.005176	-0.002784	-0.000979	0.000720	0.002843	0.005977	0.010391	0.015140	0.019153	0.021612																													
																																								0.030640	0.023518	0.017527	0.010906	0.004118	-0.001822	-0.006034	-0.008834	-0.010680	-0.011952	-0.012809	-0.012550	-0.011951	-0.012034	-0.013734	-0.016898	-0.020796	-0.024712	-0.028070	-0.031248	-0.034318	-0.037243	-0.039991	-0.042589	-0.045033	-0.047312	-0.049414	-0.051333	-0.053089	-0.054705	-0.056224	-0.057713	-0.059040	-0.060045	-0.060587	-0.060699	-0.060478	-0.060019	-0.059366	-0.058364	-0.057175	-0.056015	-0.055058	-0.054194	-0.053396	-0.052670	-0.052014	-0.051393	-0.050855	-0.050466	-0.050303	-0.050435	-0.050692	-0.050877	-0.050872	-0.050917	-0.050810	-0.050266	-0.049029	-0.047150	-0.044817	-0.042209	-0.039406	-0.036088	-0.032603	-0.029407	-0.026854	-0.024640	-0.022817	-0.021532	-0.021023	-0.021633	-0.022667	-0.023290	-0.022811	-0.021587	-0.019833	-0.017668	-0.015129	-0.011968	-0.008478	-0.005041	-0.002019	0.000601	0.003163	0.006020	0.009694	0.014809	0.020011	0.023694																														
																																								0.028011	0.022866	0.017883	0.011699	0.005021	-0.000998	-0.005398	-0.008688	-0.011148	-0.012922	-0.013962	-0.013642	-0.012844	-0.012680	-0.014140	-0.016975	-0.020526	-0.024186	-0.027485	-0.030816	-0.034124	-0.037232	-0.039985	-0.042434	-0.044667	-0.046758	-0.048782	-0.050740	-0.052557	-0.054154	-0.055476	-0.056588	-0.057458	-0.058036	-0.058267	-0.058136	-0.057718	-0.057093	-0.056284	-0.055102	-0.053777	-0.052602	-0.051830	-0.051357	-0.051070	-0.050878	-0.050710	-0.050612	-0.050595	-0.050655	-0.050811	-0.051144	-0.051527	-0.051805	-0.051891	-0.051998	-0.051928	-0.051412	-0.050208	-0.048384	-0.046090	-0.043465	-0.040552	-0.037058	-0.033330	-0.029823	-0.026848	-0.023971	-0.021460	-0.019724	-0.019265	-0.020458	-0.022301	-0.023637	-0.023503	-0.022401	-0.020625	-0.018329	-0.015579	-0.012099	-0.008191	-0.004257	-0.000648	0.002745	0.006128	0.009680	0.013852	0.019599	0.025196	0.028554																														
																																									0.022019	0.017910	0.011907	0.005058	-0.001228	-0.005797	-0.009321	-0.012059	-0.014074	-0.015260	-0.015046	-0.014299	-0.014100	-0.015395	-0.017887	-0.021025	-0.024330	-0.027450	-0.030756	-0.034104	-0.037231	-0.039899	-0.042166	-0.044192	-0.046126	-0.048119	-0.050198	-0.052177	-0.053853	-0.055051	-0.055837	-0.056299	-0.056509	-0.056520	-0.056275	-0.055798	-0.055128	-0.054247	-0.052958	-0.051542	-0.050353	-0.049696	-0.049460	-0.049488	-0.049648	-0.049844	-0.050184	-0.050620	-0.051073	-0.051499	-0.052006	-0.052494	-0.052825	-0.052922	-0.052969	-0.052797	-0.052172	-0.050883	-0.048988	-0.046621	-0.043902	-0.040868	-0.037233	-0.033343	-0.029641	-0.026409	-0.023146	-0.020240	-0.018245	-0.017812	-0.019343	-0.021651	-0.023376	-0.023380	-0.022238	-0.020321	-0.017841	-0.014919	-0.011272	-0.007156	-0.002926	0.001124	0.005150	0.009239	0.013434	0.018135	0.024576	0.030711																															
																																									0.021659	0.018484	0.012284	0.004713	-0.002291	-0.007130	-0.010691	-0.013390	-0.015391	-0.016692	-0.016747	-0.016286	-0.016236	-0.017395	-0.019445	-0.022012	-0.024803	-0.027633	-0.030822	-0.034128	-0.037202	-0.039723	-0.041747	-0.043520	-0.045285	-0.047295	-0.049615	-0.051906	-0.053793	-0.054936	-0.055404	-0.055446	-0.055298	-0.055160	-0.054937	-0.054556	-0.053973	-0.053092	-0.051727	-0.050223	-0.048993	-0.048394	-0.048287	-0.048501	-0.048904	-0.049413	-0.050184	-0.051092	-0.051955	-0.052649	-0.053331	-0.053916	-0.054266	-0.054296	-0.054163	-0.053743	-0.052859	-0.051347	-0.049230	-0.046642	-0.043714	-0.040489	-0.036684	-0.032634	-0.028774	-0.025368	-0.021887	-0.018773	-0.016644	-0.016225	-0.017958	-0.020529	-0.022435	-0.022408	-0.021038	-0.018806	-0.016035	-0.012956	-0.009297	-0.005190	-0.000850	0.003552	0.008146	0.012929	0.017860	0.023353	0.030964	0.038203																															
																																										0.018581	0.012157	0.003856	-0.003849	-0.008903	-0.012382	-0.014907	-0.016801	-0.018222	-0.018653	-0.018626	-0.018852	-0.019922	-0.021526	-0.023487	-0.025712	-0.028189	-0.031168	-0.034329	-0.037260	-0.039579	-0.041325	-0.042829	-0.044424	-0.046459	-0.049047	-0.051687	-0.053827	-0.054957	-0.055153	-0.054822	-0.054369	-0.054142	-0.054011	-0.053801	-0.053367	-0.052524	-0.051107	-0.049521	-0.048241	-0.047669	-0.047626	-0.047947	-0.048517	-0.049279	-0.050435	-0.051772	-0.053007	-0.053930	-0.054758	-0.055411	-0.055745	-0.055658	-0.055276	-0.054533	-0.053320	-0.051528	-0.049137	-0.046283	-0.043117	-0.039699	-0.035741	-0.031567	-0.027603	-0.024102	-0.020540	-0.017363	-0.015195	-0.014773	-0.016581	-0.019236	-0.021153	-0.020976	-0.019278	-0.016650	-0.013533	-0.010279	-0.006632	-0.002581	0.001808	0.006502	0.011596	0.016997	0.022577	0.028743	0.037316																																
																																										0.016865	0.010596	0.002209	-0.005613	-0.010627	-0.013972	-0.016371	-0.018232	-0.019816	-0.020673	-0.021142	-0.021715	-0.022780	-0.024061	-0.025537	-0.027273	-0.029381	-0.032033	-0.034888	-0.037537	-0.039594	-0.041070	-0.042336	-0.043778	-0.045808	-0.048579	-0.051475	-0.053806	-0.054939	-0.054958	-0.054385	-0.053739	-0.053473	-0.053438	-0.053380	-0.053079	-0.052282	-0.050840	-0.049205	-0.047891	-0.047332	-0.047322	-0.047702	-0.048372	-0.049303	-0.050726	-0.052361	-0.053848	-0.054913	-0.055817	-0.056485	-0.056764	-0.056533	-0.055889	-0.054823	-0.053298	-0.051263	-0.048653	-0.045606	-0.042282	-0.038752	-0.034727	-0.030521	-0.026547	-0.023057	-0.019553	-0.016447	-0.014317	-0.013866	-0.015604	-0.018149	-0.019905	-0.019501	-0.017475	-0.014482	-0.011037	-0.007562	-0.003808	0.000315	0.004819	0.009757	0.015259	0.021100	0.027006	0.033262																																	
																																											0.006381	-0.000708	-0.007409	-0.011876	-0.015073	-0.017560	-0.019626	-0.021462	-0.022768	-0.023753	-0.024723	-0.025910	-0.027100	-0.028347	-0.029771	-0.031515	-0.033665	-0.035963	-0.038117	-0.039834	-0.041083	-0.042197	-0.043536	-0.045498	-0.048267	-0.051200	-0.053568	-0.054702	-0.054698	-0.054098	-0.053436	-0.053184	-0.053190	-0.053186	-0.052934	-0.052166	-0.050738	-0.049110	-0.047810	-0.047280	-0.047308	-0.047735	-0.048456	-0.049444	-0.050945	-0.052659	-0.054197	-0.055265	-0.056140	-0.056746	-0.056924	-0.056540	-0.055657	-0.054325	-0.052571	-0.050397	-0.047716	-0.044642	-0.041326	-0.037829	-0.033877	-0.029774	-0.025921	-0.022573	-0.019289	-0.016402	-0.014395	-0.013878	-0.015361	-0.017554	-0.018955	-0.018272	-0.016010	-0.012787	-0.009097	-0.005332	-0.001220	0.003268	0.008082	0.013267	0.019141	0.025235	0.030960																																		
																																											-0.001619	-0.005610	-0.009574	-0.012790	-0.015737	-0.018497	-0.021014	-0.023228	-0.025111	-0.026761	-0.028282	-0.029746	-0.031053	-0.032265	-0.033479	-0.034779	-0.036135	-0.037502	-0.038846	-0.040102	-0.041170	-0.042248	-0.043568	-0.045418	-0.048017	-0.050785	-0.053052	-0.054208	-0.054362	-0.053978	-0.053508	-0.053346	-0.053364	-0.053338	-0.053075	-0.052344	-0.050987	-0.049445	-0.048226	-0.047762	-0.047863	-0.048350	-0.049091	-0.050030	-0.051410	-0.052963	-0.054334	-0.055259	-0.056004	-0.056477	-0.056504	-0.055926	-0.054782	-0.053179	-0.051214	-0.048951	-0.046280	-0.043284	-0.040085	-0.036722	-0.032933	-0.029028	-0.025408	-0.022357	-0.019531	-0.017104	-0.015368	-0.014742	-0.015715	-0.017216	-0.017975	-0.016912	-0.014481	-0.011157	-0.007300	-0.003168	0.001532	0.006668	0.012012	0.017563	0.024055	0.030511																																			
																																												-0.011064	-0.011833	-0.013609	-0.016283	-0.019374	-0.022414	-0.025034	-0.027510	-0.029844	-0.031953	-0.033769	-0.035323	-0.036642	-0.037747	-0.038615	-0.039099	-0.039417	-0.039846	-0.040595	-0.041488	-0.042551	-0.043859	-0.045560	-0.047899	-0.050402	-0.052501	-0.053687	-0.054086	-0.054038	-0.053862	-0.053833	-0.053858	-0.053785	-0.053487	-0.052792	-0.051528	-0.050096	-0.048968	-0.048549	-0.048683	-0.049172	-0.049861	-0.050663	-0.051809	-0.053077	-0.054168	-0.054863	-0.055407	-0.055692	-0.055530	-0.054742	-0.053340	-0.051486	-0.049349	-0.047052	-0.044469	-0.041645	-0.038661	-0.035527	-0.032004	-0.028402	-0.025116	-0.022460	-0.020204	-0.018341	-0.016934	-0.016173	-0.016515	-0.017161	-0.017139	-0.015635	-0.013043	-0.009652	-0.005647	-0.001105	0.004308	0.010224	0.016157	0.021988	0.028911	0.035452																																			
																																													-0.013796	-0.014538	-0.017033	-0.020386	-0.023832	-0.026777	-0.029710	-0.032573	-0.035158	-0.037306	-0.039164	-0.040695	-0.041818	-0.042387	-0.042177	-0.041633	-0.041289	-0.041582	-0.042259	-0.043220	-0.044434	-0.045949	-0.048017	-0.050254	-0.052184	-0.053390	-0.054016	-0.054286	-0.054390	-0.054493	-0.054538	-0.054436	-0.054110	-0.053438	-0.052242	-0.050881	-0.049787	-0.049329	-0.049367	-0.049718	-0.050233	-0.050831	-0.051721	-0.052705	-0.053516	-0.053961	-0.054266	-0.054322	-0.053949	-0.052965	-0.051350	-0.049312	-0.047079	-0.044827	-0.042425	-0.039872	-0.037207	-0.034411	-0.031284	-0.028113	-0.025257	-0.023026	-0.021301	-0.019931	-0.018794	-0.017894	-0.017645	-0.017492	-0.016730	-0.014783	-0.011980	-0.008459	-0.004262	0.000696	0.006840	0.013518	0.019917	0.025691	0.032323																																				
																																														-0.015944	-0.018444	-0.021841	-0.025369	-0.028438	-0.031546	-0.034618	-0.037426	-0.039814	-0.041994	-0.043840	-0.045151	-0.045671	-0.045175	-0.044220	-0.043455	-0.043408	-0.043760	-0.044409	-0.045342	-0.046617	-0.048461	-0.050514	-0.052330	-0.053529	-0.054276	-0.054731	-0.055006	-0.055206	-0.055308	-0.055238	-0.054925	-0.054255	-0.053069	-0.051693	-0.050515	-0.049861	-0.049570	-0.049530	-0.049677	-0.050000	-0.050687	-0.051498	-0.052128	-0.052352	-0.052387	-0.052169	-0.051562	-0.050418	-0.048671	-0.046556	-0.044342	-0.042246	-0.040135	-0.037968	-0.035744	-0.033422	-0.030870	-0.028305	-0.025993	-0.024178	-0.022825	-0.021738	-0.020723	-0.019703	-0.019050	-0.018345	-0.017042	-0.014695	-0.011582	-0.007777	-0.003276	0.002107	0.008990	0.016363	0.022988	0.028085																																					
																																															-0.021029	-0.024149	-0.027346	-0.030295	-0.033280	-0.036247	-0.039054	-0.041640	-0.044265	-0.046643	-0.048396	-0.049122	-0.048682	-0.047663	-0.046722	-0.046371	-0.046212	-0.046264	-0.046661	-0.047585	-0.049199	-0.051104	-0.052836	-0.054006	-0.054812	-0.055379	-0.055773	-0.056066	-0.056277	-0.056309	-0.056058	-0.055391	-0.054198	-0.052758	-0.051396	-0.050357	-0.049419	-0.048631	-0.048115	-0.048027	-0.048517	-0.049228	-0.049740	-0.049718	-0.049391	-0.048789	-0.047873	-0.046569	-0.044754	-0.042667	-0.040594	-0.038774	-0.037085	-0.035452	-0.033832	-0.032177	-0.030454	-0.028756	-0.027190	-0.025868	-0.024823	-0.023900	-0.022922	-0.021820	-0.020917	-0.019852	-0.018149	-0.015422	-0.011911	-0.007683	-0.002732	0.003226	0.011162	0.019496	0.026287																																						
																																															-0.023648	-0.026456	-0.029234	-0.031995	-0.034727	-0.037433	-0.040117	-0.042864	-0.045956	-0.048933	-0.051226	-0.052289	-0.052106	-0.051246	-0.050307	-0.049728	-0.049044	-0.048436	-0.048238	-0.048793	-0.050183	-0.051955	-0.053611	-0.054739	-0.055572	-0.056211	-0.056692	-0.057067	-0.057395	-0.057545	-0.057360	-0.056675	-0.055437	-0.053882	-0.052273	-0.050774	-0.049089	-0.047448	-0.046181	-0.045635	-0.045924	-0.046548	-0.046955	-0.046684	-0.045977	-0.044971	-0.043742	-0.042305	-0.040473	-0.038480	-0.036622	-0.035155	-0.033973	-0.032963	-0.032038	-0.031139	-0.030350	-0.029618	-0.028863	-0.028036	-0.027229	-0.026368	-0.025350	-0.024153	-0.023051	-0.021701	-0.019658	-0.016556	-0.012595	-0.007874	-0.002442	0.004051	0.012955	0.022121																																							
																																																	-0.030389	-0.033086	-0.035615	-0.038065	-0.040603	-0.043462	-0.046911	-0.050358	-0.053103	-0.054505	-0.054654	-0.054071	-0.053276	-0.052616	-0.051590	-0.050519	-0.049889	-0.050171	-0.051376	-0.053020	-0.054591	-0.055674	-0.056520	-0.057210	-0.057749	-0.058172	-0.058578	-0.058801	-0.058637	-0.057885	-0.056529	-0.054792	-0.052910	-0.051006	-0.048725	-0.046418	-0.044559	-0.043627	-0.043706	-0.044205	-0.044483	-0.043997	-0.042986	-0.041674	-0.040221	-0.038710	-0.036903	-0.035034	-0.033417	-0.032327	-0.031682	-0.031315	-0.031083	-0.030903	-0.030974	-0.031113	-0.031069	-0.030639	-0.029960	-0.029052	-0.027898	-0.026540	-0.025193	-0.023528	-0.021135	-0.017657	-0.013222	-0.008016	-0.002197	0.004551	0.013826																																								
																																																		-0.033295	-0.035852	-0.038209	-0.040668	-0.043576	-0.047134	-0.050727	-0.053653	-0.055280	-0.055740	-0.055489	-0.054962	-0.054432	-0.053419	-0.052290	-0.051574	-0.051771	-0.052849	-0.054351	-0.055806	-0.056835	-0.057686	-0.058408	-0.058972	-0.059391	-0.059795	-0.059999	-0.059765	-0.058863	-0.057265	-0.055240	-0.053073	-0.050928	-0.048430	-0.045915	-0.043851	-0.042711	-0.042570	-0.042856	-0.042943	-0.042299	-0.041141	-0.039711	-0.038197	-0.036698	-0.034946	-0.033198	-0.031805	-0.031084	-0.030977	-0.031244	-0.031651	-0.032062	-0.032778	-0.033534	-0.033959	-0.033744	-0.033047	-0.031966	-0.030558	-0.028918	-0.027190	-0.025088	-0.022266	-0.018396	-0.013468	-0.007825	-0.001822	0.004650																																									
																																																			-0.036036	-0.038454	-0.040881	-0.043765	-0.047157	-0.050541	-0.053363	-0.055132	-0.055972	-0.056210	-0.056146	-0.055952	-0.055230	-0.054339	-0.053778	-0.054008	-0.054973	-0.056287	-0.057562	-0.058492	-0.059299	-0.059993	-0.060519	-0.060872	-0.061217	-0.061339	-0.060963	-0.059801	-0.057776	-0.055278	-0.052739	-0.050465	-0.048085	-0.045787	-0.043880	-0.042687	-0.042313	-0.042294	-0.042118	-0.041343	-0.040139	-0.038722	-0.037261	-0.035835	-0.034153	-0.032525	-0.031363	-0.031058	-0.031589	-0.032594	-0.033702	-0.034676	-0.035928	-0.037145	-0.037874	-0.037728	-0.036861	-0.035454	-0.033651	-0.031604	-0.029374	-0.026726	-0.023403	-0.019090	-0.013563	-0.007434	-0.001411																																										
																																																				-0.037949	-0.040327	-0.043142	-0.046266	-0.049323	-0.051958	-0.053859	-0.055125	-0.055937	-0.056453	-0.056744	-0.056522	-0.056101	-0.055893	-0.056276	-0.057181	-0.058323	-0.059421	-0.060260	-0.061023	-0.061681	-0.062150	-0.062408	-0.062647	-0.062633	-0.062063	-0.060601	-0.058096	-0.055085	-0.052173	-0.049842	-0.047745	-0.045863	-0.044279	-0.043113	-0.042499	-0.042138	-0.041678	-0.040815	-0.039663	-0.038373	-0.037071	-0.035787	-0.034221	-0.032742	-0.031829	-0.031946	-0.033112	-0.034838	-0.036606	-0.038072	-0.039751	-0.041301	-0.042208	-0.042021	-0.040876	-0.039043	-0.036758	-0.034239	-0.031454	-0.028228	-0.024391	-0.019644	-0.013525	-0.006949																																											
																																																						-0.040607	-0.043551	-0.046423	-0.049001	-0.051093	-0.052780	-0.054146	-0.055255	-0.056119	-0.056564	-0.056811	-0.057143	-0.057817	-0.058772	-0.059834	-0.060834	-0.061656	-0.062442	-0.063119	-0.063569	-0.063736	-0.063826	-0.063620	-0.062827	-0.061101	-0.058223	-0.054830	-0.051657	-0.049318	-0.047501	-0.046007	-0.044724	-0.043586	-0.042740	-0.042055	-0.041349	-0.040464	-0.039468	-0.038428	-0.037395	-0.036337	-0.034969	-0.033703	-0.033057	-0.033539	-0.035203	-0.037468	-0.039717	-0.041529	-0.043497	-0.045250	-0.046225	-0.045912	-0.044430	-0.042131	-0.039344	-0.036351	-0.033028	-0.029260	-0.024962	-0.019862	-0.013305																																												
																																																								-0.040952	-0.043845	-0.046290	-0.048391	-0.050239	-0.051900	-0.053410	-0.054680	-0.055792	-0.056863	-0.057992	-0.059150	-0.060276	-0.061317	-0.062255	-0.063204	-0.064030	-0.064557	-0.064673	-0.064568	-0.064101	-0.063064	-0.061179	-0.058177	-0.054694	-0.051477	-0.049160	-0.047474	-0.046143	-0.044964	-0.043775	-0.042692	-0.041722	-0.040839	-0.040030	-0.039334	-0.038711	-0.038108	-0.037409	-0.036390	-0.035465	-0.035131	-0.035883	-0.037785	-0.040256	-0.042670	-0.044610	-0.046698	-0.048521	-0.049459	-0.048946	-0.047080	-0.044296	-0.041018	-0.037592	-0.033813	-0.029608	-0.024962	-0.019644																																													
																																																										-0.038803	-0.041467	-0.043892	-0.046219	-0.048580	-0.050958	-0.053243	-0.055327	-0.057104	-0.058581	-0.059854	-0.061019	-0.062197	-0.063476	-0.064619	-0.065350	-0.065452	-0.065082	-0.064247	-0.062910	-0.060943	-0.058041	-0.054737	-0.051682	-0.049435	-0.047780	-0.046446	-0.045212	-0.043873	-0.042455	-0.041128	-0.040068	-0.039449	-0.039299	-0.039405	-0.039537	-0.039448	-0.039051	-0.038708	-0.038826	-0.039809	-0.041719	-0.044069	-0.046331	-0.048179	-0.050221	-0.051973	-0.052743	-0.051889	-0.049482	-0.046069	-0.042201	-0.038323	-0.034157	-0.029628	-0.024742																																														
																																																												-0.036135	-0.039089	-0.042345	-0.045956	-0.049576	-0.052834	-0.055388	-0.057305	-0.058837	-0.060225	-0.061720	-0.063388	-0.064890	-0.065852	-0.065945	-0.065275	-0.064029	-0.062374	-0.060371	-0.057684	-0.054699	-0.051920	-0.049786	-0.048144	-0.046759	-0.045433	-0.043954	-0.042239	-0.040611	-0.039434	-0.039065	-0.039533	-0.040442	-0.041372	-0.041937	-0.042203	-0.042469	-0.043024	-0.044163	-0.045935	-0.047980	-0.049911	-0.051521	-0.053378	-0.054932	-0.055433	-0.054176	-0.051204	-0.047165	-0.042723	-0.038410	-0.033878	-0.029060																																															
																																																														-0.035467	-0.040228	-0.045161	-0.049611	-0.052999	-0.055494	-0.057450	-0.059189	-0.061030	-0.063025	-0.064785	-0.065890	-0.065947	-0.064990	-0.063366	-0.061428	-0.059408	-0.056946	-0.054290	-0.051809	-0.049826	-0.048240	-0.046862	-0.045528	-0.044035	-0.042232	-0.040523	-0.039377	-0.039256	-0.040201	-0.041696	-0.043188	-0.044198	-0.044895	-0.045533	-0.046325	-0.047486	-0.049050	-0.050756	-0.052321	-0.053623	-0.055185	-0.056430	-0.056602	-0.054982	-0.051595	-0.047125	-0.042278	-0.037604																																																	
																																																															-0.034055	-0.040229	-0.045853	-0.050080	-0.053238	-0.055737	-0.057905	-0.060067	-0.062254	-0.064101	-0.065214	-0.065207	-0.064036	-0.062147	-0.060018	-0.057996	-0.055697	-0.053288	-0.051057	-0.049262	-0.047827	-0.046597	-0.045430	-0.044154	-0.042631	-0.041217	-0.040327	-0.040375	-0.041417	-0.042963	-0.044487	-0.045532	-0.046276	-0.046937	-0.047694	-0.048728	-0.050080	-0.051514	-0.052769	-0.053731	-0.054873	-0.055679	-0.055466	-0.053590	-0.050088	-0.045556	-0.040600																																																		
																																																																-0.034369	-0.041486	-0.046610	-0.050291	-0.053114	-0.055525	-0.057942	-0.060334	-0.062325	-0.063528	-0.063544	-0.062279	-0.060257	-0.058057	-0.056111	-0.054015	-0.051875	-0.049927	-0.048375	-0.047147	-0.046135	-0.045247	-0.044379	-0.043488	-0.042735	-0.042305	-0.042386	-0.043015	-0.043955	-0.044946	-0.045775	-0.046561	-0.047359	-0.048185	-0.049091	-0.050187	-0.051276	-0.052115	-0.052582	-0.053050	-0.053144	-0.052363	-0.050248	-0.046879																																																				
																																																																		-0.042474	-0.046890	-0.050314	-0.053185	-0.055900	-0.058387	-0.060344	-0.061476	-0.061450	-0.060088	-0.057961	-0.055714	-0.053844	-0.051926	-0.050031	-0.048359	-0.047082	-0.046120	-0.045407	-0.044901	-0.044582	-0.044536	-0.044668	-0.044853	-0.044983	-0.045103	-0.045261	-0.045495	-0.045844	-0.046314	-0.046858	-0.047428	-0.048022	-0.048807	-0.049562	-0.050004	-0.049948	-0.049673	-0.048993																																																							
																																																																				-0.048280	-0.052331	-0.055511	-0.057807	-0.059237	-0.059826	-0.059495	-0.057892	-0.055565	-0.053192	-0.051294	-0.049436	-0.047676	-0.046213	-0.045212	-0.044587	-0.044286	-0.044281	-0.044606	-0.045482	-0.046580	-0.047489	-0.047860	-0.047840	-0.047583	-0.047201	-0.046751	-0.046055	-0.045295	-0.044714	-0.044578	-0.044998	-0.045561																																																											
																																																																						-0.059022	-0.060608	-0.060575	-0.059705	-0.058538	-0.056355	-0.053574	-0.050854	-0.048692	-0.046642	-0.044801	-0.043406	-0.042663	-0.042496	-0.042801	-0.043491	-0.044581	-0.046411	-0.048512	-0.050294	-0.051322	-0.052051	-0.052310	-0.051782	-0.050025	-0.046565	-0.042477																																																															
																																																																								-0.066193	-0.062466	-0.059654	-0.056355	-0.052707	-0.049282	-0.046491	-0.043872	-0.041630	-0.040116	-0.039653	-0.040184	-0.041464	-0.043252	-0.045462	-0.048578	-0.052042	-0.055123	-0.057432	-0.060032	-0.061895																																																																			
																																																																											-0.056056	-0.051502	-0.047337	-0.043857	-0.040592	-0.037873	-0.036188	-0.035994	-0.037256	-0.039563	-0.042500	-0.045846	-0.050225	-0.055025																																																																							
																																																																																																																																																															
																																																																																																																																																															
																																																																																																																																																															
																																																																																																																																																															
																																																																																																																																																															
																																																																																																																																																															
																																																																																																																																																															
																																																																																																																																																															
																																																																																																																																																															
																																																																																																																																																															
																																																																																																																																																															
																																																																																																																																																															
																																																																																																																																																															
																																																																																																																																																															
																																																																																																																																																															
