Wavefront
Acquisition 	2020/10/14 14:17:17.553
Save 	2020/10/14 21:42:29.816

ASO Size : 40 x 32; ASO Step : 114.077560 um x 114.052567 um
Selection : Tilt X 0; Tilt Y 0; Focus 1; Astig 0° 1; Astig 45° 1
Unity : Microns
Area Size : 160 x 128; Area Step : 28.519390 um x 28.513142 um
																																																																																																																																																															
																																																																																																																																																															
																																																																																																																																																															
																																																																																																																																																															
																																																																																																																																																															
																																																																																																																																																															
																																																																																																																																																															
																																																																																																																																																															
																																																																																																																																																															
																																																																																																																																																															
																																																																																																																																																															
																																																																																																																																																															
																																																																																			-0.004039	-0.005267	-0.006923	-0.009101	-0.012549	-0.016175																																																																							
																																																																															-0.009040	-0.007459	-0.006283	-0.006010	-0.006439	-0.007339	-0.008533	-0.009998	-0.012240	-0.014607	-0.016261	-0.016468	-0.015460																																																																				
																																																																											-0.012559	-0.012419	-0.012136	-0.011399	-0.010122	-0.008730	-0.007692	-0.007422	-0.007790	-0.008556	-0.009509	-0.010552	-0.012035	-0.013589	-0.014722	-0.015039	-0.014788	-0.014034	-0.012765																																																																		
																																																															-0.025831	-0.025718	-0.025239	-0.024528	-0.023376	-0.021927	-0.020395	-0.018925	-0.017316	-0.015692	-0.014244	-0.013156	-0.012419	-0.011862	-0.011304	-0.010560	-0.009572	-0.008603	-0.007945	-0.007871	-0.008356	-0.009161	-0.010044	-0.010839	-0.011775	-0.012713	-0.013435	-0.013781	-0.013916	-0.013781	-0.013263	-0.012181	-0.010281																																																																
																																																												-0.027743	-0.029409	-0.029968	-0.029650	-0.028796	-0.027689	-0.026548	-0.025191	-0.023642	-0.021977	-0.020226	-0.018230	-0.016171	-0.014288	-0.012779	-0.011546	-0.010522	-0.009668	-0.008940	-0.008314	-0.007866	-0.007682	-0.007869	-0.008515	-0.009395	-0.010247	-0.010856	-0.011349	-0.011772	-0.012134	-0.012455	-0.012764	-0.013002	-0.013099	-0.012981	-0.012632	-0.012146	-0.011628																																																														
																																																										-0.030501	-0.031526	-0.032796	-0.033652	-0.033514	-0.032554	-0.031123	-0.029533	-0.028041	-0.026509	-0.024864	-0.023076	-0.021076	-0.018737	-0.016298	-0.014047	-0.012212	-0.010618	-0.009272	-0.008231	-0.007557	-0.007270	-0.007282	-0.007496	-0.007870	-0.008579	-0.009431	-0.010176	-0.010583	-0.010688	-0.010673	-0.010717	-0.010964	-0.011320	-0.011766	-0.012309	-0.013007	-0.014040	-0.015109	-0.015849	-0.015933	-0.015443	-0.014596																																																											
																																																								-0.037166	-0.035115	-0.034642	-0.035032	-0.035593	-0.035819	-0.035265	-0.034061	-0.032480	-0.030764	-0.029119	-0.027452	-0.025682	-0.023751	-0.021561	-0.018967	-0.016261	-0.013791	-0.011833	-0.010186	-0.008842	-0.007855	-0.007301	-0.007260	-0.007549	-0.007951	-0.008318	-0.008850	-0.009428	-0.009866	-0.009973	-0.009706	-0.009314	-0.009071	-0.009193	-0.009523	-0.010054	-0.010827	-0.011963	-0.013742	-0.015670	-0.017145	-0.017633	-0.017279	-0.016425	-0.015378	-0.014428	-0.013546																																																								
																																																						-0.041026	-0.041028	-0.039491	-0.037797	-0.037102	-0.036832	-0.036596	-0.036161	-0.035327	-0.034181	-0.032807	-0.031270	-0.029626	-0.027850	-0.025920	-0.023821	-0.021477	-0.018686	-0.015793	-0.013223	-0.011325	-0.009909	-0.008879	-0.008195	-0.007867	-0.008074	-0.008567	-0.009035	-0.009233	-0.009334	-0.009353	-0.009250	-0.008953	-0.008342	-0.007649	-0.007151	-0.007059	-0.007187	-0.007572	-0.008310	-0.009583	-0.011690	-0.014050	-0.015966	-0.016825	-0.016831	-0.016324	-0.015599	-0.014894	-0.014061	-0.013060	-0.011890																																																						
																																																				-0.036048	-0.039405	-0.040949	-0.040965	-0.040128	-0.039059	-0.038254	-0.037364	-0.036359	-0.035311	-0.034305	-0.033382	-0.032402	-0.031207	-0.029659	-0.027808	-0.025724	-0.023467	-0.021011	-0.018077	-0.015063	-0.012470	-0.010732	-0.009690	-0.009123	-0.008849	-0.008773	-0.009171	-0.009769	-0.010200	-0.010144	-0.009722	-0.009092	-0.008382	-0.007666	-0.006763	-0.005842	-0.005130	-0.004789	-0.004622	-0.004730	-0.005282	-0.006517	-0.008711	-0.011256	-0.013434	-0.014632	-0.015098	-0.015114	-0.014898	-0.014579	-0.013897	-0.013069	-0.012405	-0.012124	-0.011965																																																				
																																																			-0.038432	-0.039177	-0.039690	-0.039911	-0.039888	-0.039617	-0.039080	-0.038215	-0.036876	-0.035319	-0.033856	-0.032793	-0.032152	-0.031598	-0.030772	-0.029364	-0.027486	-0.025299	-0.022936	-0.020420	-0.017404	-0.014328	-0.011757	-0.010197	-0.009532	-0.009410	-0.009505	-0.009602	-0.010050	-0.010598	-0.010878	-0.010554	-0.009686	-0.008531	-0.007339	-0.006288	-0.005166	-0.004077	-0.003200	-0.002643	-0.002205	-0.002045	-0.002390	-0.003525	-0.005683	-0.008267	-0.010585	-0.012054	-0.012953	-0.013492	-0.013805	-0.013920	-0.013505	-0.012973	-0.012859	-0.013629	-0.015142	-0.017119	-0.019312																																																		
																																																		-0.041171	-0.040807	-0.039989	-0.039149	-0.038677	-0.038480	-0.038292	-0.037866	-0.036943	-0.035452	-0.033746	-0.032212	-0.031235	-0.030857	-0.030637	-0.030101	-0.028835	-0.026985	-0.024770	-0.022375	-0.019860	-0.016833	-0.013757	-0.011232	-0.009816	-0.009434	-0.009628	-0.009943	-0.010047	-0.010306	-0.010563	-0.010545	-0.009992	-0.008912	-0.007554	-0.006176	-0.004967	-0.003717	-0.002518	-0.001529	-0.000843	-0.000254	0.000056	-0.000166	-0.001218	-0.003299	-0.005845	-0.008209	-0.009853	-0.011059	-0.011989	-0.012725	-0.013257	-0.013271	-0.013195	-0.013576	-0.014912	-0.017121	-0.019813	-0.022605	-0.025475																																																	
																																																	-0.039743	-0.040140	-0.039582	-0.038459	-0.037296	-0.036542	-0.036013	-0.035506	-0.034864	-0.033913	-0.032575	-0.031129	-0.029888	-0.029189	-0.029143	-0.029266	-0.029015	-0.027915	-0.026111	-0.023885	-0.021484	-0.019020	-0.016062	-0.013073	-0.010670	-0.009443	-0.009392	-0.009927	-0.010431	-0.010408	-0.010190	-0.009830	-0.009282	-0.008486	-0.007389	-0.006122	-0.004836	-0.003632	-0.002354	-0.001109	-0.000059	0.000704	0.001386	0.001805	0.001705	0.000802	-0.001050	-0.003371	-0.005620	-0.007350	-0.008817	-0.010125	-0.011310	-0.012345	-0.013034	-0.013664	-0.014594	-0.016152	-0.018279	-0.020726	-0.023250	-0.025897	-0.029622	-0.033106																																															
																																																-0.034083	-0.035751	-0.036484	-0.036258	-0.035458	-0.034492	-0.033681	-0.032776	-0.031789	-0.030804	-0.029867	-0.028850	-0.027879	-0.027122	-0.026801	-0.027117	-0.027579	-0.027617	-0.026719	-0.025022	-0.022855	-0.020516	-0.018159	-0.015328	-0.012477	-0.010223	-0.009176	-0.009412	-0.010219	-0.010831	-0.010592	-0.009772	-0.008668	-0.007505	-0.006469	-0.005446	-0.004403	-0.003339	-0.002229	-0.000992	0.000239	0.001300	0.002095	0.002826	0.003320	0.003335	0.002615	0.001078	-0.000910	-0.002942	-0.004690	-0.006362	-0.008009	-0.009619	-0.011169	-0.012622	-0.014050	-0.015538	-0.017152	-0.018841	-0.020606	-0.022468	-0.024616	-0.027640	-0.030563	-0.032191																																														
																																															-0.026079	-0.028750	-0.030980	-0.032044	-0.032242	-0.031899	-0.031263	-0.030488	-0.029288	-0.027891	-0.026620	-0.025738	-0.025067	-0.024583	-0.024312	-0.024358	-0.024995	-0.025754	-0.026064	-0.025417	-0.023945	-0.021979	-0.019824	-0.017639	-0.014970	-0.012263	-0.010123	-0.009163	-0.009500	-0.010365	-0.010918	-0.010413	-0.009049	-0.007306	-0.005625	-0.004384	-0.003428	-0.002585	-0.001728	-0.000727	0.000431	0.001600	0.002623	0.003404	0.004133	0.004653	0.004743	0.004184	0.002946	0.001287	-0.000510	-0.002226	-0.004018	-0.005898	-0.007825	-0.009794	-0.011907	-0.014035	-0.016007	-0.017651	-0.018925	-0.020058	-0.021300	-0.022965	-0.025313	-0.027683	-0.029311	-0.029598																																													
																																														-0.019730	-0.021852	-0.024622	-0.027021	-0.028198	-0.028574	-0.028439	-0.027966	-0.027229	-0.025923	-0.024380	-0.023039	-0.022263	-0.021860	-0.021723	-0.021798	-0.022119	-0.022979	-0.023954	-0.024510	-0.024182	-0.023124	-0.021595	-0.019818	-0.017887	-0.015395	-0.012791	-0.010663	-0.009604	-0.009705	-0.010253	-0.010475	-0.009670	-0.007974	-0.005908	-0.003969	-0.002588	-0.001603	-0.000799	-0.000007	0.000932	0.001997	0.003058	0.003983	0.004696	0.005359	0.005833	0.005924	0.005447	0.004401	0.002972	0.001358	-0.000285	-0.002069	-0.004001	-0.006054	-0.008251	-0.010765	-0.013343	-0.015666	-0.017431	-0.018632	-0.019581	-0.020604	-0.022040	-0.023982	-0.025967	-0.027487	-0.028222	-0.028750																																												
																																													-0.015253	-0.015640	-0.017598	-0.020156	-0.022412	-0.023620	-0.024190	-0.024322	-0.024096	-0.023505	-0.022255	-0.020746	-0.019486	-0.018905	-0.018809	-0.019028	-0.019442	-0.020021	-0.021040	-0.022162	-0.022954	-0.023056	-0.022668	-0.021882	-0.020734	-0.019168	-0.016881	-0.014333	-0.012095	-0.010713	-0.010175	-0.009951	-0.009492	-0.008291	-0.006414	-0.004279	-0.002302	-0.000841	0.000240	0.001118	0.001937	0.002828	0.003761	0.004644	0.005393	0.005958	0.006458	0.006783	0.006783	0.006316	0.005383	0.004125	0.002685	0.001185	-0.000427	-0.002204	-0.004180	-0.006447	-0.009199	-0.012087	-0.014687	-0.016609	-0.017909	-0.018902	-0.019901	-0.021212	-0.022860	-0.024505	-0.025783	-0.026490	-0.027124	-0.027225																																											
																																												-0.011526	-0.010964	-0.011648	-0.013406	-0.015574	-0.017510	-0.018699	-0.019469	-0.019899	-0.019969	-0.019583	-0.018478	-0.017101	-0.016000	-0.015643	-0.015840	-0.016377	-0.017089	-0.017889	-0.019015	-0.020237	-0.021244	-0.021810	-0.022187	-0.022264	-0.021848	-0.020702	-0.018651	-0.016166	-0.013790	-0.012003	-0.010663	-0.009481	-0.008199	-0.006572	-0.004593	-0.002516	-0.000611	0.000893	0.002087	0.003080	0.003958	0.004797	0.005568	0.006234	0.006762	0.007142	0.007439	0.007577	0.007453	0.006969	0.006125	0.005019	0.003758	0.002441	0.001075	-0.000449	-0.002244	-0.004475	-0.007329	-0.010392	-0.013175	-0.015246	-0.016726	-0.017887	-0.018973	-0.020224	-0.021656	-0.023009	-0.024005	-0.024474	-0.024739	-0.024540																																											
																																											-0.006723	-0.006932	-0.007343	-0.008313	-0.009842	-0.011575	-0.013138	-0.014246	-0.015131	-0.015770	-0.016065	-0.015858	-0.014925	-0.013722	-0.012797	-0.012620	-0.013003	-0.013726	-0.014615	-0.015559	-0.016748	-0.018039	-0.019224	-0.020192	-0.021241	-0.022086	-0.022333	-0.021594	-0.019811	-0.017451	-0.015014	-0.012905	-0.010869	-0.008841	-0.006835	-0.004842	-0.002787	-0.000778	0.001049	0.002579	0.003864	0.004949	0.005868	0.006641	0.007241	0.007684	0.007994	0.008203	0.008328	0.008315	0.008101	0.007625	0.006887	0.005948	0.004872	0.003735	0.002586	0.001285	-0.000331	-0.002463	-0.005277	-0.008350	-0.011188	-0.013370	-0.015068	-0.016473	-0.017734	-0.019001	-0.020307	-0.021457	-0.022237	-0.022486	-0.022366	-0.021822	-0.020749																																										
																																										-0.002913	-0.003608	-0.004324	-0.005141	-0.006155	-0.007429	-0.008783	-0.010007	-0.010948	-0.011768	-0.012404	-0.012742	-0.012615	-0.011838	-0.010824	-0.010059	-0.009954	-0.010331	-0.011016	-0.011884	-0.012856	-0.014076	-0.015431	-0.016757	-0.017993	-0.019470	-0.020808	-0.021510	-0.021108	-0.019633	-0.017511	-0.015179	-0.012964	-0.010557	-0.008042	-0.005602	-0.003374	-0.001225	0.000805	0.002632	0.004189	0.005512	0.006621	0.007522	0.008210	0.008639	0.008876	0.009003	0.009094	0.009131	0.009065	0.008849	0.008446	0.007874	0.007146	0.006270	0.005272	0.004213	0.002986	0.001457	-0.000540	-0.003141	-0.005998	-0.008708	-0.010937	-0.012879	-0.014609	-0.016145	-0.017524	-0.018811	-0.019883	-0.020594	-0.020829	-0.020675	-0.020131	-0.019171	-0.017730																																									
																																									-0.000206	-0.001147	-0.002132	-0.003154	-0.004159	-0.005117	-0.006095	-0.007035	-0.007855	-0.008501	-0.009044	-0.009444	-0.009637	-0.009521	-0.008961	-0.008239	-0.007692	-0.007592	-0.007771	-0.008181	-0.008823	-0.009722	-0.010968	-0.012416	-0.013890	-0.015325	-0.017077	-0.018737	-0.019764	-0.019671	-0.018555	-0.016774	-0.014675	-0.012495	-0.009908	-0.007111	-0.004405	-0.002025	0.000217	0.002305	0.004168	0.005750	0.007088	0.008189	0.009043	0.009623	0.009858	0.009870	0.009809	0.009800	0.009791	0.009726	0.009563	0.009279	0.008929	0.008464	0.007812	0.006920	0.005833	0.004544	0.003035	0.001264	-0.000849	-0.003155	-0.005480	-0.007708	-0.010028	-0.012303	-0.014336	-0.015978	-0.017370	-0.018473	-0.019206	-0.019507	-0.019428	-0.018961	-0.018085	-0.016735	-0.014767																																								
																																								0.002376	0.000835	-0.000409	-0.001641	-0.002843	-0.003911	-0.004756	-0.005413	-0.005925	-0.006320	-0.006623	-0.006815	-0.006897	-0.006876	-0.006736	-0.006394	-0.005976	-0.005639	-0.005486	-0.005361	-0.005369	-0.005665	-0.006410	-0.007628	-0.009127	-0.010698	-0.012248	-0.014152	-0.016003	-0.017260	-0.017449	-0.016720	-0.015348	-0.013571	-0.011531	-0.008917	-0.006002	-0.003169	-0.000713	0.001601	0.003756	0.005663	0.007252	0.008575	0.009632	0.010411	0.010871	0.010910	0.010705	0.010471	0.010389	0.010377	0.010364	0.010300	0.010164	0.010057	0.009865	0.009442	0.008650	0.007502	0.006118	0.004619	0.003117	0.001601	-0.000026	-0.001862	-0.004046	-0.006744	-0.009596	-0.012173	-0.014136	-0.015716	-0.016944	-0.017784	-0.018212	-0.018272	-0.017928	-0.017131	-0.015779	-0.013684	-0.011198																																							
																																								0.002985	0.001033	-0.000415	-0.001742	-0.002957	-0.003952	-0.004621	-0.004959	-0.005079	-0.005099	-0.005110	-0.005031	-0.004880	-0.004699	-0.004522	-0.004320	-0.004097	-0.003869	-0.003606	-0.003157	-0.002753	-0.002678	-0.003197	-0.004279	-0.005702	-0.007241	-0.008792	-0.010726	-0.012653	-0.014053	-0.014486	-0.014144	-0.013211	-0.011818	-0.010012	-0.007519	-0.004657	-0.001843	0.000603	0.002956	0.005170	0.007113	0.008680	0.009936	0.010901	0.011571	0.011909	0.011778	0.011399	0.011041	0.010935	0.010981	0.011080	0.011161	0.011190	0.011307	0.011358	0.011144	0.010469	0.009319	0.007908	0.006462	0.005209	0.004187	0.003116	0.001696	-0.000402	-0.003312	-0.006528	-0.009478	-0.011704	-0.013508	-0.014946	-0.015988	-0.016622	-0.016910	-0.016781	-0.016143	-0.014842	-0.012654	-0.010032																																							
																																							0.004171	0.002193	0.000251	-0.001106	-0.002260	-0.003250	-0.003997	-0.004412	-0.004443	-0.004248	-0.004006	-0.003863	-0.003735	-0.003587	-0.003410	-0.003198	-0.002964	-0.002697	-0.002375	-0.001936	-0.001227	-0.000514	-0.000126	-0.000354	-0.001124	-0.002243	-0.003532	-0.004919	-0.006736	-0.008613	-0.010064	-0.010690	-0.010722	-0.010251	-0.009299	-0.007827	-0.005623	-0.003009	-0.000386	0.001950	0.004300	0.006559	0.008523	0.010022	0.011136	0.011929	0.012439	0.012657	0.012410	0.011938	0.011543	0.011487	0.011679	0.011978	0.012266	0.012476	0.012770	0.012998	0.012957	0.012444	0.011446	0.010182	0.008890	0.007809	0.006986	0.006119	0.004876	0.002912	0.000128	-0.002998	-0.005939	-0.008276	-0.010318	-0.012071	-0.013451	-0.014409	-0.015059	-0.015297	-0.014981	-0.013914	-0.011887	-0.009376	-0.006941																																						
																																							0.001325	-0.000504	-0.002187	-0.003218	-0.003887	-0.004314	-0.004538	-0.004563	-0.004266	-0.003807	-0.003390	-0.003205	-0.003226	-0.003298	-0.003262	-0.002981	-0.002500	-0.001897	-0.001237	-0.000532	0.000382	0.001298	0.001949	0.002110	0.001878	0.001348	0.000589	-0.000405	-0.001874	-0.003492	-0.004844	-0.005611	-0.006052	-0.006141	-0.005768	-0.004797	-0.003123	-0.001022	0.001186	0.003289	0.005611	0.007933	0.009924	0.011299	0.012159	0.012655	0.012915	0.012997	0.012680	0.012201	0.011870	0.011970	0.012444	0.013085	0.013695	0.014137	0.014588	0.014949	0.015064	0.014785	0.014115	0.013198	0.012186	0.011226	0.010338	0.009347	0.008069	0.006311	0.004023	0.001464	-0.001082	-0.003418	-0.005799	-0.008082	-0.010037	-0.011507	-0.012715	-0.013520	-0.013711	-0.013035	-0.011328	-0.009062	-0.006777																																						
																																						-0.001090	-0.002412	-0.003960	-0.005241	-0.005829	-0.005875	-0.005604	-0.005204	-0.004796	-0.004182	-0.003505	-0.002973	-0.002804	-0.003063	-0.003445	-0.003613	-0.003263	-0.002472	-0.001441	-0.000354	0.000665	0.001800	0.002929	0.003869	0.004477	0.004875	0.005042	0.004920	0.004414	0.003387	0.002116	0.000929	0.000060	-0.000775	-0.001430	-0.001670	-0.001271	-0.000252	0.001189	0.002852	0.004644	0.006900	0.009266	0.011270	0.012494	0.013063	0.013228	0.013215	0.013165	0.012808	0.012364	0.012142	0.012436	0.013235	0.014260	0.015222	0.015900	0.016480	0.016936	0.017182	0.017146	0.016855	0.016345	0.015646	0.014778	0.013713	0.012468	0.011071	0.009553	0.007918	0.006130	0.004149	0.001885	-0.000842	-0.003702	-0.006293	-0.008332	-0.010166	-0.011615	-0.012385	-0.012162	-0.010842	-0.008877	-0.006772	-0.004867																																					
																																						-0.004576	-0.005696	-0.006829	-0.007623	-0.007749	-0.007238	-0.006377	-0.005458	-0.004688	-0.003815	-0.002967	-0.002353	-0.002215	-0.002691	-0.003354	-0.003716	-0.003343	-0.002353	-0.001021	0.000400	0.001732	0.003181	0.004652	0.005977	0.007044	0.008012	0.008782	0.009203	0.009113	0.008456	0.007468	0.006416	0.005465	0.004322	0.003212	0.002458	0.002334	0.002716	0.003496	0.004600	0.006052	0.008185	0.010531	0.012503	0.013581	0.013910	0.013817	0.013596	0.013444	0.013058	0.012645	0.012511	0.012960	0.014019	0.015348	0.016586	0.017443	0.018112	0.018625	0.018959	0.019103	0.019101	0.018904	0.018450	0.017658	0.016456	0.015020	0.013553	0.012263	0.011205	0.010097	0.008629	0.006472	0.003519	0.000241	-0.002835	-0.005336	-0.007714	-0.009740	-0.011039	-0.011240	-0.010302	-0.008651	-0.006746	-0.004865																																					
																																					-0.006129	-0.006696	-0.007350	-0.007913	-0.008171	-0.007906	-0.007088	-0.005974	-0.004841	-0.003881	-0.002844	-0.001872	-0.001185	-0.001046	-0.001618	-0.002421	-0.002907	-0.002601	-0.001693	-0.000405	0.001091	0.002694	0.004644	0.006722	0.008626	0.010137	0.011484	0.012582	0.013269	0.013379	0.012863	0.011953	0.010905	0.009879	0.008581	0.007243	0.006196	0.005703	0.005583	0.005814	0.006431	0.007554	0.009482	0.011696	0.013564	0.014529	0.014760	0.014589	0.014308	0.014109	0.013690	0.013262	0.013139	0.013632	0.014781	0.016221	0.017561	0.018481	0.019182	0.019715	0.020076	0.020270	0.020335	0.020215	0.019839	0.019115	0.017958	0.016574	0.015202	0.014097	0.013345	0.012576	0.011381	0.009346	0.006410	0.003068	-0.000146	-0.002861	-0.005568	-0.007983	-0.009663	-0.010186	-0.009570	-0.008213	-0.006523	-0.004724	-0.002234																																				
																																				-0.008186	-0.007979	-0.007865	-0.007744	-0.007526	-0.007144	-0.006525	-0.005633	-0.004589	-0.003534	-0.002544	-0.001421	-0.000353	0.000408	0.000578	0.000021	-0.000799	-0.001352	-0.001218	-0.000690	0.000203	0.001517	0.003389	0.006094	0.009128	0.011887	0.013889	0.015482	0.016682	0.017401	0.017521	0.016932	0.015899	0.014728	0.013636	0.012343	0.011007	0.009875	0.009127	0.008564	0.008271	0.008399	0.009157	0.010781	0.012746	0.014438	0.015325	0.015606	0.015547	0.015364	0.015184	0.014734	0.014252	0.014066	0.014501	0.015583	0.016952	0.018227	0.019098	0.019768	0.020276	0.020597	0.020712	0.020632	0.020361	0.019904	0.019237	0.018277	0.017158	0.016042	0.015117	0.014491	0.013832	0.012760	0.010905	0.008237	0.005166	0.002132	-0.000584	-0.003459	-0.006137	-0.008105	-0.008892	-0.008585	-0.007539	-0.006097	-0.004418	-0.001919																																				
																																			-0.011964	-0.010872	-0.009591	-0.008606	-0.007562	-0.006447	-0.005358	-0.004379	-0.003483	-0.002622	-0.001755	-0.000809	0.000336	0.001447	0.002244	0.002432	0.001913	0.001113	0.000505	0.000427	0.000470	0.000842	0.001882	0.004009	0.007537	0.011629	0.015313	0.017796	0.019556	0.020748	0.021390	0.021442	0.020702	0.019480	0.018154	0.017015	0.015811	0.014588	0.013473	0.012533	0.011570	0.010782	0.010430	0.010812	0.012079	0.013733	0.015205	0.016017	0.016398	0.016521	0.016496	0.016361	0.015890	0.015347	0.015077	0.015411	0.016357	0.017572	0.018703	0.019466	0.020067	0.020515	0.020755	0.020729	0.020410	0.019893	0.019282	0.018657	0.017946	0.017165	0.016354	0.015584	0.014978	0.014300	0.013270	0.011616	0.009332	0.006698	0.004005	0.001406	-0.001536	-0.004390	-0.006577	-0.007586	-0.007568	-0.006832	-0.005652	-0.004123	-0.001673	0.001031																																			
																																			-0.015339	-0.013369	-0.011136	-0.009342	-0.007403	-0.005396	-0.003583	-0.002202	-0.001212	-0.000429	0.000324	0.001235	0.002349	0.003419	0.004171	0.004317	0.003776	0.002944	0.002258	0.001992	0.001650	0.001619	0.002458	0.004804	0.009014	0.013974	0.018416	0.021291	0.023179	0.024355	0.024933	0.024942	0.024114	0.022777	0.021360	0.020207	0.019090	0.017968	0.016867	0.015757	0.014444	0.013216	0.012432	0.012460	0.013378	0.014715	0.015949	0.016658	0.017088	0.017333	0.017420	0.017316	0.016837	0.016261	0.015934	0.016187	0.017014	0.018091	0.019088	0.019743	0.020261	0.020629	0.020775	0.020613	0.020086	0.019357	0.018611	0.018012	0.017502	0.016995	0.016422	0.015752	0.015109	0.014358	0.013324	0.011841	0.009923	0.007718	0.005372	0.002916	-0.000038	-0.003003	-0.005349	-0.006535	-0.006767	-0.006312	-0.005383	-0.004025	-0.001690	0.000937																																			
																																		-0.018728	-0.017792	-0.015464	-0.012755	-0.010427	-0.007760	-0.004952	-0.002426	-0.000554	0.000779	0.001792	0.002682	0.003636	0.004664	0.005565	0.006128	0.006114	0.005391	0.004374	0.003533	0.003162	0.002724	0.002641	0.003514	0.006036	0.010601	0.015991	0.020816	0.023920	0.025918	0.027146	0.027765	0.027848	0.027108	0.025855	0.024497	0.023367	0.022264	0.021123	0.019939	0.018649	0.017042	0.015463	0.014331	0.014060	0.014686	0.015748	0.016751	0.017294	0.017622	0.017810	0.017862	0.017735	0.017266	0.016715	0.016406	0.016648	0.017446	0.018484	0.019430	0.020021	0.020455	0.020730	0.020788	0.020550	0.019944	0.019144	0.018355	0.017761	0.017312	0.016890	0.016387	0.015729	0.015028	0.014208	0.013156	0.011776	0.010097	0.008176	0.006065	0.003707	0.000752	-0.002277	-0.004728	-0.006044	-0.006463	-0.006224	-0.005507	-0.004331	-0.002182	0.000274	0.002187																																		
																																		-0.020256	-0.019484	-0.017205	-0.014375	-0.011686	-0.008359	-0.004742	-0.001434	0.001064	0.003002	0.004547	0.005799	0.006850	0.007692	0.008243	0.008419	0.008069	0.006941	0.005522	0.004396	0.003970	0.003712	0.003924	0.005083	0.007775	0.012448	0.017918	0.022811	0.025984	0.028027	0.029297	0.029986	0.030200	0.029679	0.028664	0.027487	0.026414	0.025269	0.024022	0.022691	0.021229	0.019404	0.017573	0.016182	0.015662	0.016033	0.016837	0.017592	0.017899	0.017978	0.017935	0.017813	0.017609	0.017169	0.016701	0.016474	0.016753	0.017579	0.018632	0.019565	0.020101	0.020422	0.020563	0.020505	0.020206	0.019589	0.018799	0.018010	0.017378	0.016866	0.016367	0.015784	0.015045	0.014229	0.013303	0.012203	0.010888	0.009405	0.007734	0.005836	0.003582	0.000658	-0.002388	-0.004888	-0.006274	-0.006794	-0.006684	-0.006119	-0.005125	-0.003235	-0.001045	0.000682																																		
																																	-0.019194	-0.021285	-0.020795	-0.018740	-0.015952	-0.012998	-0.009073	-0.004685	-0.000605	0.002546	0.005175	0.007359	0.009057	0.010222	0.010839	0.010973	0.010699	0.009972	0.008400	0.006549	0.005132	0.004687	0.004713	0.005340	0.006852	0.009666	0.014278	0.019609	0.024384	0.027535	0.029601	0.030931	0.031727	0.032119	0.031894	0.031206	0.030283	0.029300	0.028108	0.026730	0.025238	0.023621	0.021620	0.019590	0.017985	0.017242	0.017370	0.017920	0.018417	0.018463	0.018240	0.017903	0.017559	0.017264	0.016864	0.016508	0.016394	0.016737	0.017620	0.018718	0.019664	0.020156	0.020360	0.020356	0.020180	0.019841	0.019264	0.018539	0.017784	0.017106	0.016478	0.015829	0.015093	0.014218	0.013244	0.012169	0.010983	0.009692	0.008359	0.006893	0.005183	0.003043	0.000197	-0.002801	-0.005290	-0.006706	-0.007295	-0.007293	-0.006875	-0.006089	-0.004524	-0.002680	-0.001203	-0.000696																																	
																																	-0.020062	-0.022330	-0.022071	-0.020210	-0.017465	-0.014285	-0.009853	-0.004810	-0.000075	0.003632	0.006849	0.009579	0.011660	0.012930	0.013359	0.013149	0.012519	0.011532	0.009689	0.007591	0.006018	0.005583	0.005826	0.006747	0.008485	0.011319	0.015757	0.020843	0.025423	0.028534	0.030662	0.032123	0.033098	0.033716	0.033824	0.033496	0.032860	0.032001	0.030797	0.029325	0.027699	0.025946	0.023775	0.021547	0.019727	0.018759	0.018639	0.018929	0.019173	0.018979	0.018499	0.017924	0.017403	0.017040	0.016687	0.016439	0.016437	0.016853	0.017810	0.018972	0.019954	0.020427	0.020543	0.020427	0.020168	0.019828	0.019338	0.018727	0.018049	0.017352	0.016629	0.015841	0.014954	0.013933	0.012777	0.011522	0.010208	0.008889	0.007623	0.006279	0.004700	0.002672	-0.000035	-0.002901	-0.005312	-0.006749	-0.007437	-0.007596	-0.007387	-0.006865	-0.005685	-0.004251	-0.003090	-0.002704																																	
																																	-0.021579	-0.023877	-0.023646	-0.021772	-0.018929	-0.015516	-0.010686	-0.005169	0.000015	0.004066	0.007588	0.010577	0.012839	0.014174	0.014517	0.014156	0.013410	0.012436	0.010721	0.008792	0.007357	0.006969	0.007203	0.008073	0.009718	0.012406	0.016585	0.021390	0.025781	0.028896	0.031197	0.032929	0.034207	0.035114	0.035569	0.035596	0.035249	0.034550	0.033409	0.031924	0.030226	0.028349	0.025977	0.023497	0.021410	0.020186	0.019782	0.019785	0.019780	0.019406	0.018798	0.018137	0.017570	0.017201	0.016898	0.016733	0.016822	0.017315	0.018360	0.019609	0.020656	0.021150	0.021227	0.021057	0.020774	0.020489	0.020140	0.019699	0.019157	0.018511	0.017779	0.016941	0.015968	0.014823	0.013472	0.011998	0.010498	0.009075	0.007757	0.006403	0.004861	0.002934	0.000451	-0.002164	-0.004415	-0.005883	-0.006762	-0.007212	-0.007342	-0.007177	-0.006450	-0.005493	-0.004732	-0.004594																																	
																																-0.018218	-0.023716	-0.025893	-0.025532	-0.023502	-0.020472	-0.016826	-0.011683	-0.005833	-0.000374	0.003825	0.007377	0.010335	0.012568	0.013914	0.014239	0.013884	0.013248	0.012586	0.011466	0.010210	0.009282	0.009021	0.009049	0.009531	0.010755	0.013083	0.016820	0.021197	0.025318	0.028458	0.031080	0.033291	0.035063	0.036374	0.037237	0.037657	0.037632	0.037142	0.036122	0.034679	0.032942	0.030935	0.028315	0.025516	0.023094	0.021552	0.020788	0.020436	0.020144	0.019614	0.018970	0.018344	0.017841	0.017525	0.017293	0.017217	0.017407	0.018016	0.019211	0.020616	0.021790	0.022341	0.022391	0.022168	0.021879	0.021701	0.021578	0.021407	0.021098	0.020582	0.019926	0.019109	0.018092	0.016815	0.015213	0.013432	0.011644	0.010005	0.008476	0.006953	0.005339	0.003514	0.001379	-0.000814	-0.002776	-0.004268	-0.005429	-0.006313	-0.006934	-0.007256	-0.007105	-0.006749	-0.006521	-0.006786	-0.007703																																
																																-0.020738	-0.025957	-0.027937	-0.027379	-0.025142	-0.021908	-0.018067	-0.012708	-0.006657	-0.001049	0.003196	0.006672	0.009506	0.011651	0.013004	0.013358	0.013093	0.012666	0.012424	0.012052	0.011623	0.011313	0.011193	0.010937	0.010909	0.011587	0.013469	0.016686	0.020565	0.024368	0.027522	0.030492	0.033230	0.035546	0.037291	0.038585	0.039416	0.039735	0.039484	0.038627	0.037270	0.035532	0.033419	0.030563	0.027449	0.024696	0.022846	0.021730	0.021031	0.020471	0.019819	0.019195	0.018670	0.018282	0.018045	0.017882	0.017882	0.018162	0.018885	0.020230	0.021795	0.023108	0.023743	0.023807	0.023583	0.023336	0.023306	0.023447	0.023580	0.023533	0.023172	0.022613	0.021835	0.020782	0.019373	0.017512	0.015407	0.013305	0.011408	0.009601	0.007835	0.006096	0.004367	0.002628	0.000923	-0.000699	-0.002211	-0.003685	-0.005052	-0.006217	-0.007070	-0.007537	-0.007827	-0.008182	-0.008913	-0.010293																																
																																-0.022845	-0.027774	-0.029558	-0.028816	-0.026398	-0.023005	-0.019040	-0.013586	-0.007463	-0.001801	0.002482	0.005956	0.008778	0.010937	0.012349	0.012771	0.012611	0.012365	0.012445	0.012618	0.012784	0.012905	0.012863	0.012364	0.011919	0.012147	0.013642	0.016395	0.019824	0.023324	0.026451	0.029660	0.032789	0.035526	0.037635	0.039323	0.040551	0.041214	0.041213	0.040547	0.039317	0.037629	0.035473	0.032456	0.029112	0.026115	0.024048	0.022683	0.021741	0.021001	0.020284	0.019713	0.019302	0.019030	0.018860	0.018740	0.018776	0.019099	0.019883	0.021299	0.022944	0.024346	0.025081	0.025248	0.025139	0.025029	0.025176	0.025559	0.025948	0.026112	0.025871	0.025368	0.024592	0.023486	0.021960	0.019895	0.017539	0.015191	0.013081	0.011029	0.009045	0.007191	0.005544	0.004154	0.002878	0.001553	0.000020	-0.001735	-0.003533	-0.005187	-0.006519	-0.007543	-0.008418	-0.009305	-0.010469	-0.012280																																
																																-0.024027	-0.028745	-0.030399	-0.029549	-0.027041	-0.023584	-0.019604	-0.014219	-0.008180	-0.002540	0.001862	0.005604	0.008754	0.011208	0.012806	0.013343	0.013251	0.013048	0.013157	0.013341	0.013492	0.013571	0.013456	0.012855	0.012279	0.012350	0.013651	0.016133	0.019278	0.022557	0.025586	0.028791	0.031988	0.034857	0.037164	0.039155	0.040737	0.041731	0.041983	0.041535	0.040485	0.038925	0.036821	0.033769	0.030341	0.027258	0.025134	0.023711	0.022718	0.021952	0.021256	0.020762	0.020451	0.020262	0.020125	0.020000	0.020011	0.020298	0.021034	0.022351	0.023900	0.025275	0.026119	0.026539	0.026750	0.026941	0.027301	0.027858	0.028385	0.028640	0.028428	0.027882	0.027020	0.025815	0.024202	0.022044	0.019590	0.017143	0.014933	0.012752	0.010648	0.008733	0.007141	0.005964	0.004945	0.003790	0.002225	0.000274	-0.001820	-0.003813	-0.005491	-0.006926	-0.008236	-0.009521	-0.011004	-0.013116																																
																															-0.018636	-0.024625	-0.029155	-0.030708	-0.029786	-0.027239	-0.023798	-0.019934	-0.014852	-0.009142	-0.003658	0.000957	0.005311	0.009236	0.012373	0.014353	0.015103	0.015088	0.014819	0.014685	0.014348	0.013869	0.013415	0.013050	0.012441	0.011968	0.012132	0.013417	0.015836	0.018887	0.022044	0.024908	0.027849	0.030772	0.033467	0.035802	0.038015	0.039920	0.041253	0.041789	0.041636	0.040875	0.039555	0.037605	0.034611	0.031197	0.028137	0.026090	0.024777	0.023911	0.023276	0.022712	0.022377	0.022220	0.022141	0.022038	0.021886	0.021820	0.021990	0.022551	0.023550	0.024768	0.025964	0.026943	0.027838	0.028665	0.029405	0.030068	0.030768	0.031342	0.031586	0.031328	0.030649	0.029613	0.028259	0.026580	0.024425	0.022003	0.019576	0.017337	0.015077	0.012883	0.010904	0.009317	0.008229	0.007321	0.006227	0.004610	0.002517	0.000222	-0.002005	-0.003935	-0.005674	-0.007310	-0.008901	-0.010643	-0.013001	-0.015160																															
																															-0.018918	-0.024697	-0.029046	-0.030511	-0.029544	-0.026997	-0.023621	-0.019937	-0.015256	-0.009976	-0.004722	0.000093	0.005109	0.009886	0.013770	0.016162	0.017146	0.017209	0.016836	0.016354	0.015293	0.013953	0.012786	0.012116	0.011554	0.011296	0.011662	0.012995	0.015404	0.018401	0.021445	0.024102	0.026675	0.029193	0.031597	0.033891	0.036286	0.038497	0.040162	0.040984	0.041138	0.040687	0.039647	0.037911	0.035062	0.031763	0.028828	0.026958	0.025867	0.025237	0.024820	0.024437	0.024273	0.024261	0.024273	0.024180	0.023965	0.023780	0.023787	0.024126	0.024744	0.025571	0.026550	0.027674	0.029108	0.030639	0.031993	0.032971	0.033780	0.034344	0.034520	0.034175	0.033320	0.032072	0.030552	0.028827	0.026736	0.024425	0.022096	0.019885	0.017604	0.015367	0.013352	0.011764	0.010714	0.009850	0.008768	0.007099	0.004907	0.002476	0.000086	-0.002031	-0.004001	-0.005888	-0.007721	-0.009669	-0.012216	-0.014548																															
																															-0.018643	-0.024202	-0.028373	-0.029759	-0.028776	-0.026266	-0.022983	-0.019469	-0.015117	-0.010194	-0.005162	-0.000274	0.005121	0.010407	0.014743	0.017380	0.018518	0.018639	0.018187	0.017420	0.015776	0.013747	0.012016	0.011118	0.010637	0.010594	0.011139	0.012466	0.014755	0.017572	0.020409	0.022846	0.025114	0.027325	0.029524	0.031813	0.034395	0.036896	0.038866	0.039935	0.040321	0.040103	0.039295	0.037791	0.035173	0.032105	0.029407	0.027785	0.026974	0.026621	0.026439	0.026211	0.026146	0.026183	0.026194	0.026052	0.025722	0.025379	0.025213	0.025370	0.025724	0.026298	0.027153	0.028409	0.030267	0.032340	0.034162	0.035368	0.036235	0.036758	0.036849	0.036407	0.035378	0.033934	0.032269	0.030520	0.028519	0.026353	0.024164	0.022041	0.019820	0.017630	0.015658	0.014115	0.013121	0.012304	0.011243	0.009551	0.007300	0.004780	0.002277	0.000021	-0.002131	-0.004219	-0.006242	-0.008340	-0.010993	-0.013422																															
																															-0.017727	-0.023039	-0.027017	-0.028320	-0.027349	-0.024911	-0.021722	-0.018297	-0.014043	-0.009237	-0.004345	0.000367	0.005525	0.010559	0.014684	0.017207	0.018328	0.018474	0.018026	0.017188	0.015398	0.013201	0.011342	0.010417	0.010041	0.010131	0.010717	0.011876	0.013770	0.016107	0.018532	0.020754	0.022939	0.025157	0.027430	0.029855	0.032686	0.035487	0.037730	0.038969	0.039425	0.039248	0.038532	0.037241	0.034950	0.032262	0.029931	0.028621	0.028124	0.028055	0.028074	0.027918	0.027792	0.027687	0.027532	0.027232	0.026700	0.026147	0.025821	0.025919	0.026300	0.026954	0.027912	0.029275	0.031283	0.033514	0.035460	0.036715	0.037570	0.038042	0.038060	0.037531	0.036364	0.034773	0.033010	0.031264	0.029356	0.027336	0.025310	0.023340	0.021290	0.019279	0.017473	0.016068	0.015200	0.014492	0.013506	0.011846	0.009585	0.007023	0.004451	0.002099	-0.000195	-0.002445	-0.004613	-0.006798	-0.009463	-0.011892																															
																															-0.016015	-0.020996	-0.024719	-0.025904	-0.024960	-0.022621	-0.019529	-0.016111	-0.011724	-0.006798	-0.001979	0.002278	0.006526	0.010483	0.013683	0.015708	0.016654	0.016810	0.016453	0.015709	0.014104	0.012142	0.010496	0.009720	0.009517	0.009728	0.010277	0.011114	0.012305	0.013813	0.015577	0.017567	0.019873	0.022405	0.025039	0.027766	0.030956	0.034125	0.036653	0.037997	0.038332	0.037967	0.037174	0.036082	0.034245	0.032129	0.030353	0.029486	0.029427	0.029743	0.030007	0.029869	0.029514	0.029047	0.028516	0.027914	0.027039	0.026168	0.025651	0.025793	0.026501	0.027594	0.028912	0.030388	0.032312	0.034365	0.036125	0.037262	0.038026	0.038414	0.038345	0.037710	0.036394	0.034660	0.032814	0.031097	0.029316	0.027487	0.025686	0.023957	0.022204	0.020510	0.018989	0.017796	0.017084	0.016494	0.015606	0.014038	0.011858	0.009357	0.006817	0.004459	0.002107	-0.000225	-0.002470	-0.004686	-0.007302	-0.009688																															
																															-0.013797	-0.018457	-0.021944	-0.023029	-0.022146	-0.019946	-0.016977	-0.013557	-0.008965	-0.003845	0.000914	0.004598	0.007673	0.010232	0.012227	0.013597	0.014283	0.014424	0.014181	0.013610	0.012365	0.010851	0.009598	0.009057	0.009045	0.009354	0.009824	0.010282	0.010672	0.011241	0.012265	0.014016	0.016513	0.019458	0.022537	0.025592	0.029131	0.032634	0.035405	0.036811	0.036960	0.036341	0.035433	0.034557	0.033250	0.031808	0.030679	0.030302	0.030710	0.031421	0.031921	0.031766	0.031112	0.030196	0.029214	0.028261	0.027008	0.025800	0.025096	0.025330	0.026478	0.028139	0.029900	0.031466	0.033178	0.034876	0.036292	0.037220	0.037845	0.038125	0.037961	0.037220	0.035774	0.033926	0.032029	0.030363	0.028725	0.027107	0.025560	0.024123	0.022745	0.021455	0.020299	0.019371	0.018845	0.018395	0.017625	0.016174	0.014102	0.011690	0.009213	0.006882	0.004505	0.002128	-0.000149	-0.002337	-0.004811	-0.007060																															
																															-0.011428	-0.015887	-0.019257	-0.020325	-0.019563	-0.017553	-0.014760	-0.011403	-0.006705	-0.001482	0.003178	0.006350	0.008431	0.009818	0.010798	0.011594	0.012014	0.012092	0.011923	0.011532	0.010689	0.009675	0.008853	0.008548	0.008681	0.009033	0.009395	0.009520	0.009237	0.009022	0.009421	0.010947	0.013565	0.016808	0.020201	0.023462	0.027193	0.030872	0.033775	0.035221	0.035258	0.034503	0.033584	0.032970	0.032210	0.031436	0.030926	0.030988	0.031761	0.032752	0.033400	0.033205	0.032285	0.030983	0.029623	0.028387	0.026848	0.025392	0.024559	0.024873	0.026379	0.028492	0.030589	0.032182	0.033645	0.034967	0.036024	0.036729	0.037202	0.037370	0.037118	0.036300	0.034785	0.032894	0.031004	0.029413	0.027907	0.026474	0.025164	0.024025	0.023046	0.022195	0.021440	0.020813	0.020522	0.020258	0.019632	0.018288	0.016273	0.013880	0.011404	0.009061	0.006627	0.004184	0.001885	-0.000210	-0.002402	-0.004350																															
																															-0.009126	-0.013621	-0.017095	-0.018302	-0.017771	-0.016043	-0.013522	-0.010368	-0.005806	-0.000709	0.003775	0.006658	0.008320	0.009243	0.009812	0.010321	0.010513	0.010437	0.010225	0.009957	0.009465	0.008893	0.008442	0.008302	0.008466	0.008753	0.008978	0.008895	0.008269	0.007659	0.007716	0.009047	0.011593	0.014826	0.018212	0.021415	0.025040	0.028616	0.031467	0.032951	0.033082	0.032483	0.031801	0.031540	0.031312	0.031130	0.031127	0.031489	0.032408	0.033443	0.034074	0.033822	0.032756	0.031264	0.029727	0.028378	0.026755	0.025242	0.024382	0.024716	0.026326	0.028562	0.030719	0.032234	0.033479	0.034522	0.035317	0.035842	0.036174	0.036233	0.035912	0.035074	0.033590	0.031769	0.029972	0.028478	0.027065	0.025748	0.024616	0.023752	0.023170	0.022768	0.022435	0.022143	0.022158	0.022154	0.021710	0.020431	0.018348	0.015814	0.013189	0.010730	0.008140	0.005558	0.003220	0.001293	-0.000419	-0.001822																															
																															-0.006492	-0.011271	-0.015103	-0.016652	-0.016543	-0.015278	-0.013192	-0.010392	-0.006152	-0.001332	0.002946	0.005733	0.007450	0.008486	0.009119	0.009531	0.009435	0.009032	0.008620	0.008445	0.008366	0.008325	0.008304	0.008299	0.008354	0.008414	0.008407	0.008184	0.007477	0.006791	0.006740	0.007894	0.010206	0.013168	0.016267	0.019162	0.022378	0.025555	0.028158	0.029674	0.030099	0.029951	0.029773	0.030010	0.030395	0.030840	0.031327	0.031903	0.032767	0.033607	0.034039	0.033694	0.032569	0.031036	0.029485	0.028161	0.026626	0.025219	0.024424	0.024737	0.026260	0.028361	0.030350	0.031665	0.032648	0.033405	0.033941	0.034272	0.034436	0.034366	0.033981	0.033168	0.031821	0.030193	0.028584	0.027211	0.025839	0.024565	0.023558	0.022989	0.022883	0.023037	0.023233	0.023364	0.023784	0.024129	0.023911	0.022666	0.020399	0.017568	0.014648	0.011974	0.009130	0.006337	0.003950	0.002294	0.001311	0.000755																															
																															-0.003839	-0.009020	-0.013318	-0.015275	-0.015622	-0.014842	-0.013220	-0.010837	-0.007035	-0.002610	0.001408	0.004171	0.006154	0.007572	0.008502	0.008932	0.008574	0.007823	0.007184	0.007099	0.007438	0.007932	0.008340	0.008456	0.008365	0.008161	0.007916	0.007618	0.006980	0.006397	0.006368	0.007364	0.009362	0.011922	0.014589	0.017048	0.019701	0.022327	0.024575	0.026103	0.026897	0.027317	0.027742	0.028504	0.029488	0.030515	0.031434	0.032153	0.032854	0.033386	0.033537	0.033082	0.031942	0.030447	0.028967	0.027746	0.026402	0.025200	0.024531	0.024805	0.026137	0.027964	0.029662	0.030719	0.031429	0.031913	0.032207	0.032349	0.032345	0.032149	0.031711	0.030957	0.029806	0.028439	0.027073	0.025843	0.024506	0.023250	0.022348	0.022068	0.022435	0.023147	0.023879	0.024453	0.025316	0.026050	0.026083	0.024857	0.022353	0.019153	0.015875	0.012947	0.009815	0.006790	0.004363	0.003034	0.002903	0.003337																															
																															-0.001616	-0.007175	-0.011886	-0.014163	-0.014810	-0.014341	-0.013052	-0.011053	-0.007750	-0.003825	-0.000164	0.002526	0.004747	0.006536	0.007781	0.008297	0.007819	0.006886	0.006141	0.006165	0.006830	0.007726	0.008463	0.008697	0.008534	0.008176	0.007802	0.007502	0.006995	0.006565	0.006596	0.007453	0.009137	0.011281	0.013503	0.015520	0.017614	0.019692	0.021573	0.023078	0.024189	0.025109	0.026053	0.027233	0.028666	0.030118	0.031337	0.032131	0.032654	0.032894	0.032788	0.032235	0.031092	0.029651	0.028262	0.027169	0.026053	0.025096	0.024582	0.024819	0.025930	0.027443	0.028825	0.029639	0.030123	0.030398	0.030512	0.030509	0.030374	0.030083	0.029618	0.028944	0.028001	0.026903	0.025789	0.024722	0.023458	0.022259	0.021471	0.021430	0.022157	0.023288	0.024435	0.025381	0.026655	0.027769	0.028051	0.026846	0.024112	0.020561	0.016944	0.013784	0.010397	0.007173	0.004728	0.003727	0.004421	0.005811																															
																															-0.000243	-0.006053	-0.010997	-0.013369	-0.013975	-0.013446	-0.012198	-0.010468	-0.007703	-0.004404	-0.001259	0.001203	0.003428	0.005351	0.006765	0.007415	0.007089	0.006325	0.005748	0.005920	0.006728	0.007760	0.008625	0.008978	0.008927	0.008674	0.008394	0.008186	0.007800	0.007471	0.007522	0.008262	0.009694	0.011504	0.013370	0.015035	0.016696	0.018346	0.019919	0.021346	0.022611	0.023804	0.025023	0.026390	0.027997	0.029600	0.030914	0.031706	0.032114	0.032187	0.031938	0.031322	0.030157	0.028730	0.027397	0.026421	0.025536	0.024834	0.024490	0.024711	0.025624	0.026854	0.027968	0.028607	0.028969	0.029148	0.029188	0.029119	0.028917	0.028582	0.028126	0.027542	0.026781	0.025914	0.025030	0.024146	0.023044	0.021997	0.021359	0.021472	0.022340	0.023615	0.024931	0.026103	0.027706	0.029158	0.029677	0.028501	0.025586	0.021752	0.017872	0.014551	0.011000	0.007665	0.005251	0.004546	0.005938	0.008121																															
																														0.005193	0.000314	-0.005735	-0.010818	-0.013101	-0.013308	-0.012309	-0.010789	-0.009252	-0.007166	-0.004737	-0.002341	-0.000248	0.001856	0.003822	0.005398	0.006311	0.006465	0.006260	0.006146	0.006521	0.007277	0.008161	0.008939	0.009415	0.009670	0.009793	0.009854	0.009866	0.009648	0.009428	0.009500	0.010143	0.011343	0.012839	0.014361	0.015688	0.016943	0.018183	0.019430	0.020703	0.021993	0.023292	0.024598	0.025941	0.027452	0.028926	0.030110	0.030799	0.031104	0.031083	0.030761	0.030102	0.028902	0.027469	0.026187	0.025366	0.024795	0.024445	0.024350	0.024578	0.025258	0.026150	0.026963	0.027463	0.027797	0.028003	0.028077	0.028010	0.027779	0.027425	0.026992	0.026513	0.025938	0.025301	0.024655	0.023999	0.023156	0.022363	0.021917	0.022098	0.022883	0.024023	0.025267	0.026546	0.028455	0.030270	0.031055	0.029903	0.026777	0.022634	0.018483	0.015032	0.011396	0.008047	0.005747	0.005381	0.007481	0.010452																															
																														0.005501	0.000430	-0.005796	-0.010937	-0.013028	-0.012687	-0.011056	-0.009140	-0.007751	-0.006370	-0.004877	-0.003302	-0.001632	0.000287	0.002236	0.003945	0.005162	0.005919	0.006426	0.006889	0.007481	0.008098	0.008707	0.009303	0.009897	0.010528	0.011134	0.011636	0.011931	0.011923	0.011842	0.011960	0.012525	0.013507	0.014697	0.015887	0.016895	0.017781	0.018648	0.019584	0.020675	0.021926	0.023244	0.024532	0.025739	0.027003	0.028190	0.029121	0.029646	0.029850	0.029769	0.029412	0.028727	0.027502	0.026072	0.024851	0.024193	0.023947	0.023961	0.024122	0.024359	0.024795	0.025338	0.025852	0.026238	0.026593	0.026888	0.027057	0.027040	0.026827	0.026492	0.026116	0.025761	0.025374	0.024963	0.024555	0.024138	0.023591	0.023086	0.022839	0.023040	0.023630	0.024498	0.025545	0.026854	0.029016	0.031161	0.032197	0.031075	0.027773	0.023369	0.018994	0.015449	0.011765	0.008432	0.006257	0.006206	0.008941	0.012614																															
																														0.005558	0.000481	-0.005773	-0.010874	-0.012744	-0.011926	-0.009773	-0.007538	-0.006273	-0.005476	-0.004764	-0.003887	-0.002604	-0.000909	0.000949	0.002705	0.004144	0.005400	0.006510	0.007468	0.008244	0.008746	0.009127	0.009575	0.010272	0.011223	0.012240	0.013126	0.013687	0.013905	0.013997	0.014196	0.014709	0.015489	0.016390	0.017277	0.018017	0.018615	0.019196	0.019891	0.020830	0.022036	0.023347	0.024590	0.025638	0.026630	0.027506	0.028163	0.028518	0.028626	0.028496	0.028120	0.027428	0.026213	0.024821	0.023674	0.023146	0.023135	0.023402	0.023735	0.023959	0.024187	0.024443	0.024716	0.025014	0.025396	0.025777	0.026049	0.026113	0.025976	0.025729	0.025464	0.025256	0.025053	0.024850	0.024654	0.024451	0.024166	0.023914	0.023836	0.024044	0.024448	0.025056	0.025905	0.027197	0.029512	0.031874	0.033090	0.032017	0.028661	0.024157	0.019691	0.016100	0.012364	0.009005	0.006881	0.007029	0.010200	0.014354																															
																														0.005508	0.000786	-0.005250	-0.010185	-0.011860	-0.010831	-0.008514	-0.006222	-0.005074	-0.004598	-0.004303	-0.003822	-0.002821	-0.001372	0.000288	0.001934	0.003399	0.004851	0.006232	0.007431	0.008318	0.008822	0.009166	0.009607	0.010382	0.011477	0.012672	0.013746	0.014497	0.014959	0.015288	0.015638	0.016140	0.016744	0.017385	0.018012	0.018564	0.018995	0.019426	0.020001	0.020866	0.022069	0.023398	0.024622	0.025559	0.026345	0.026980	0.027423	0.027639	0.027657	0.027472	0.027075	0.026400	0.025259	0.023968	0.022912	0.022439	0.022470	0.022763	0.023089	0.023254	0.023351	0.023450	0.023596	0.023841	0.024217	0.024629	0.024970	0.025141	0.025166	0.025111	0.025043	0.025013	0.024988	0.024960	0.024930	0.024884	0.024764	0.024662	0.024686	0.024911	0.025234	0.025717	0.026460	0.027716	0.030033	0.032427	0.033702	0.032725	0.029532	0.025209	0.020875	0.017305	0.013471	0.009970	0.007732	0.007875	0.011160	0.015455																															
																														0.005109	0.001196	-0.004326	-0.008928	-0.010382	-0.009355	-0.007186	-0.005067	-0.004014	-0.003598	-0.003375	-0.003011	-0.002218	-0.001096	0.000200	0.001540	0.002843	0.004250	0.005654	0.006902	0.007833	0.008410	0.008843	0.009362	0.010177	0.011251	0.012424	0.013538	0.014463	0.015272	0.015997	0.016649	0.017227	0.017697	0.018105	0.018514	0.018955	0.019339	0.019754	0.020318	0.021167	0.022379	0.023715	0.024900	0.025707	0.026258	0.026617	0.026817	0.026884	0.026809	0.026577	0.026175	0.025550	0.024558	0.023444	0.022507	0.022011	0.021881	0.021952	0.022077	0.022129	0.022166	0.022237	0.022373	0.022612	0.022972	0.023392	0.023799	0.024138	0.024448	0.024733	0.024981	0.025184	0.025341	0.025461	0.025554	0.025610	0.025571	0.025523	0.025575	0.025796	0.026076	0.026492	0.027158	0.028328	0.030495	0.032747	0.033983	0.033172	0.030407	0.026595	0.022656	0.019185	0.015197	0.011410	0.008876	0.008804	0.011890	0.015996																															
																														0.004539	0.001591	-0.003285	-0.007470	-0.008690	-0.007755	-0.005859	-0.004000	-0.003024	-0.002546	-0.002233	-0.001856	-0.001225	-0.000449	0.000428	0.001390	0.002446	0.003682	0.004975	0.006167	0.007108	0.007798	0.008388	0.009036	0.009881	0.010875	0.011943	0.013024	0.014086	0.015229	0.016352	0.017315	0.017979	0.018326	0.018519	0.018740	0.019122	0.019540	0.020026	0.020653	0.021523	0.022749	0.024078	0.025210	0.025888	0.026210	0.026303	0.026270	0.026195	0.026035	0.025763	0.025367	0.024808	0.023996	0.023089	0.022280	0.021728	0.021351	0.021098	0.020942	0.020861	0.020876	0.020981	0.021165	0.021420	0.021762	0.022177	0.022647	0.023173	0.023816	0.024494	0.025102	0.025551	0.025883	0.026131	0.026320	0.026452	0.026456	0.026425	0.026476	0.026691	0.026959	0.027347	0.027955	0.029003	0.030919	0.032913	0.034030	0.033399	0.031167	0.028010	0.024585	0.021259	0.017116	0.013011	0.010112	0.009711	0.012395	0.016089																															
																														0.004058	0.001895	-0.002395	-0.006175	-0.007181	-0.006311	-0.004632	-0.002985	-0.002074	-0.001554	-0.001181	-0.000805	-0.000312	0.000186	0.000725	0.001371	0.002199	0.003241	0.004380	0.005484	0.006434	0.007258	0.008038	0.008848	0.009748	0.010699	0.011694	0.012735	0.013859	0.015178	0.016506	0.017616	0.018282	0.018479	0.018466	0.018519	0.018863	0.019353	0.019957	0.020688	0.021600	0.022841	0.024159	0.025248	0.025838	0.026006	0.025920	0.025728	0.025555	0.025327	0.025018	0.024624	0.024125	0.023476	0.022756	0.022065	0.021471	0.020887	0.020360	0.019967	0.019776	0.019774	0.019909	0.020132	0.020397	0.020714	0.021116	0.021632	0.022315	0.023243	0.024260	0.025178	0.025842	0.026325	0.026685	0.026963	0.027172	0.027230	0.027233	0.027306	0.027542	0.027842	0.028245	0.028820	0.029737	0.031358	0.033030	0.033963	0.033453	0.031685	0.029116	0.026163	0.022985	0.018753	0.014414	0.011210	0.010468	0.012658	0.015826																															
																														0.003836	0.001979	-0.001930	-0.005378	-0.006204	-0.005257	-0.003566	-0.001950	-0.001099	-0.000694	-0.000471	-0.000248	0.000108	0.000475	0.000881	0.001399	0.002097	0.002983	0.003978	0.004997	0.005970	0.006938	0.007917	0.008914	0.009934	0.010985	0.012052	0.013116	0.014193	0.015387	0.016544	0.017470	0.017959	0.017942	0.017717	0.017619	0.017927	0.018505	0.019256	0.020120	0.021092	0.022346	0.023656	0.024731	0.025314	0.025474	0.025377	0.025170	0.024973	0.024700	0.024347	0.023934	0.023470	0.022923	0.022326	0.021727	0.021148	0.020509	0.019894	0.019414	0.019168	0.019125	0.019228	0.019424	0.019664	0.019945	0.020320	0.020850	0.021615	0.022702	0.023913	0.025020	0.025825	0.026420	0.026879	0.027253	0.027568	0.027740	0.027856	0.028028	0.028347	0.028746	0.029223	0.029802	0.030592	0.031901	0.033207	0.033878	0.033358	0.031831	0.029607	0.026950	0.023898	0.019707	0.015331	0.011993	0.010975	0.012650	0.015239																															
																														0.003599	0.001660	-0.001952	-0.005032	-0.005656	-0.004469	-0.002536	-0.000773	0.000026	0.000164	0.000031	-0.000057	0.000160	0.000533	0.001001	0.001544	0.002142	0.002790	0.003514	0.004343	0.005312	0.006443	0.007672	0.008924	0.010157	0.011475	0.012781	0.013948	0.014876	0.015643	0.016245	0.016650	0.016781	0.016472	0.016022	0.015793	0.016105	0.016857	0.017864	0.018960	0.020043	0.021316	0.022610	0.023692	0.024357	0.024676	0.024759	0.024697	0.024552	0.024242	0.023814	0.023344	0.022887	0.022397	0.021879	0.021358	0.020837	0.020258	0.019694	0.019243	0.018985	0.018887	0.018912	0.019031	0.019210	0.019421	0.019735	0.020233	0.021018	0.022177	0.023491	0.024705	0.025599	0.026267	0.026803	0.027277	0.027732	0.028095	0.028420	0.028790	0.029281	0.029883	0.030533	0.031168	0.031801	0.032684	0.033469	0.033715	0.033041	0.031588	0.029549	0.027085	0.024166	0.020158	0.015936	0.012607	0.011310	0.012321	0.014134																															
																														0.003543	0.001310	-0.002104	-0.004864	-0.005326	-0.003879	-0.001648	0.000311	0.001070	0.000919	0.000399	-0.000013	0.000091	0.000540	0.001155	0.001798	0.002337	0.002762	0.003220	0.003863	0.004839	0.006152	0.007649	0.009174	0.010637	0.012251	0.013821	0.015079	0.015780	0.015962	0.015818	0.015541	0.015230	0.014607	0.013943	0.013604	0.013927	0.014869	0.016151	0.017495	0.018701	0.019991	0.021269	0.022370	0.023154	0.023701	0.024044	0.024195	0.024145	0.023821	0.023329	0.022803	0.022350	0.021893	0.021427	0.020970	0.020527	0.020060	0.019614	0.019245	0.019001	0.018851	0.018788	0.018817	0.018928	0.019071	0.019322	0.019775	0.020546	0.021717	0.023063	0.024320	0.025263	0.025981	0.026581	0.027148	0.027743	0.028302	0.028848	0.029432	0.030113	0.030949	0.031802	0.032514	0.032992	0.033437	0.033674	0.033457	0.032576	0.031107	0.029160	0.026823	0.024031	0.020267	0.016286	0.013034	0.011469	0.011768	0.012737																															
																														0.003952	0.001375	-0.001996	-0.004605	-0.005024	-0.003451	-0.001051	0.001023	0.001751	0.001421	0.000669	0.000071	0.000124	0.000645	0.001380	0.002126	0.002682	0.003041	0.003413	0.004020	0.005074	0.006581	0.008321	0.010067	0.011688	0.013481	0.015180	0.016417	0.016835	0.016421	0.015549	0.014612	0.013880	0.012981	0.012140	0.011706	0.012012	0.013062	0.014517	0.016023	0.017308	0.018609	0.019881	0.021005	0.021892	0.022624	0.023180	0.023515	0.023565	0.023272	0.022777	0.022248	0.021817	0.021389	0.020959	0.020550	0.020179	0.019824	0.019498	0.019220	0.019000	0.018812	0.018681	0.018642	0.018713	0.018829	0.019059	0.019493	0.020238	0.021375	0.022689	0.023932	0.024893	0.025652	0.026314	0.026960	0.027652	0.028334	0.029019	0.029739	0.030551	0.031558	0.032566	0.033340	0.033705	0.033831	0.033666	0.033107	0.032062	0.030556	0.028648	0.026385	0.023693	0.020145	0.016385	0.013214	0.011424	0.011106																																
																														0.005170	0.002301	-0.001275	-0.004053	-0.004645	-0.003235	-0.000966	0.001028	0.001748	0.001500	0.000874	0.000392	0.000497	0.001003	0.001714	0.002486	0.003178	0.003782	0.004449	0.005338	0.006617	0.008343	0.010271	0.012131	0.013755	0.015464	0.016999	0.017992	0.018069	0.017155	0.015725	0.014295	0.013242	0.012157	0.011209	0.010696	0.010915	0.011895	0.013300	0.014773	0.016040	0.017342	0.018631	0.019784	0.020707	0.021485	0.022099	0.022502	0.022638	0.022456	0.022081	0.021657	0.021297	0.020906	0.020499	0.020115	0.019789	0.019499	0.019240	0.019015	0.018817	0.018617	0.018461	0.018407	0.018493	0.018663	0.018955	0.019425	0.020151	0.021204	0.022412	0.023575	0.024523	0.025334	0.026074	0.026786	0.027496	0.028155	0.028802	0.029491	0.030303	0.031340	0.032385	0.033178	0.033519	0.033576	0.033325	0.032692	0.031610	0.030093	0.028189	0.025944	0.023293	0.019852	0.016199	0.013053	0.011115	0.010414																																
																														0.007436	0.004155	-0.000024	-0.003402	-0.004450	-0.003508	-0.001651	0.000102	0.000882	0.001057	0.001006	0.001011	0.001291	0.001662	0.002151	0.002842	0.003814	0.005056	0.006504	0.008092	0.009811	0.011840	0.013949	0.015847	0.017332	0.018684	0.019731	0.020205	0.019803	0.018357	0.016395	0.014516	0.013180	0.011988	0.011013	0.010452	0.010506	0.011219	0.012332	0.013564	0.014713	0.016010	0.017349	0.018550	0.019466	0.020181	0.020731	0.021127	0.021370	0.021427	0.021342	0.021169	0.020941	0.020587	0.020169	0.019771	0.019462	0.019202	0.018975	0.018780	0.018604	0.018409	0.018257	0.018226	0.018377	0.018678	0.019109	0.019661	0.020342	0.021207	0.022174	0.023141	0.024031	0.024919	0.025782	0.026571	0.027229	0.027718	0.028146	0.028638	0.029331	0.030283	0.031279	0.032076	0.032501	0.032756	0.032744	0.032303	0.031283	0.029713	0.027704	0.025361	0.022669	0.019230	0.015590	0.012438	0.010434	0.009578																																
																															0.006401	0.001515	-0.002595	-0.004196	-0.003851	-0.002541	-0.001122	-0.000287	0.000395	0.001043	0.001650	0.002161	0.002403	0.002662	0.003285	0.004604	0.006612	0.008987	0.011392	0.013598	0.015923	0.018172	0.020045	0.021316	0.022197	0.022631	0.022491	0.021581	0.019636	0.017206	0.014943	0.013366	0.012107	0.011138	0.010540	0.010403	0.010774	0.011499	0.012408	0.013397	0.014680	0.016076	0.017326	0.018210	0.018810	0.019238	0.019583	0.019927	0.020254	0.020504	0.020621	0.020539	0.020220	0.019782	0.019359	0.019063	0.018828	0.018630	0.018467	0.018322	0.018150	0.018028	0.018046	0.018291	0.018766	0.019380	0.020043	0.020678	0.021327	0.022010	0.022739	0.023544	0.024496	0.025470	0.026315	0.026875	0.027123	0.027250	0.027468	0.027977	0.028774	0.029662	0.030438	0.030983	0.031550	0.031920	0.031791	0.030886	0.029264	0.027122	0.024648	0.021895	0.018430	0.014777	0.011614	0.009584	0.008672																																
																															0.008464	0.003115	-0.001513	-0.003551	-0.003742	-0.002966	-0.001914	-0.001121	-0.000140	0.000968	0.001999	0.002719	0.002983	0.003218	0.003920	0.005564	0.008168	0.011232	0.014228	0.016770	0.019270	0.021564	0.023357	0.024410	0.024873	0.024784	0.024136	0.022827	0.020524	0.017772	0.015246	0.013492	0.012175	0.011195	0.010549	0.010246	0.010332	0.010736	0.011374	0.012222	0.013483	0.014910	0.016183	0.017020	0.017505	0.017808	0.018085	0.018482	0.018988	0.019472	0.019795	0.019824	0.019541	0.019104	0.018684	0.018421	0.018232	0.018087	0.017979	0.017886	0.017760	0.017687	0.017774	0.018129	0.018784	0.019587	0.020376	0.021003	0.021502	0.021974	0.022515	0.023234	0.024194	0.025201	0.026033	0.026471	0.026486	0.026336	0.026296	0.026610	0.027220	0.027959	0.028672	0.029296	0.030120	0.030821	0.030975	0.030199	0.028585	0.026393	0.023865	0.021104	0.017658	0.014027	0.010871	0.008811																																	
																																0.004631	-0.000017	-0.002194	-0.002687	-0.002288	-0.001582	-0.001024	-0.000245	0.000717	0.001710	0.002556	0.003151	0.003812	0.004901	0.006789	0.009557	0.012727	0.015776	0.018320	0.020762	0.022948	0.024601	0.025486	0.025726	0.025392	0.024521	0.023048	0.020628	0.017787	0.015176	0.013328	0.011919	0.010848	0.010109	0.009707	0.009681	0.009974	0.010514	0.011295	0.012521	0.013926	0.015172	0.015958	0.016366	0.016588	0.016796	0.017152	0.017637	0.018115	0.018448	0.018501	0.018259	0.017878	0.017524	0.017338	0.017244	0.017204	0.017197	0.017189	0.017128	0.017118	0.017282	0.017751	0.018567	0.019543	0.020470	0.021163	0.021672	0.022116	0.022603	0.023253	0.024117	0.025008	0.025711	0.026013	0.025877	0.025566	0.025362	0.025513	0.025930	0.026485	0.027068	0.027659	0.028545	0.029364	0.029650	0.028992	0.027509	0.025452	0.023050	0.020396	0.017065	0.013530	0.010410	0.008270																																	
																																0.006308	0.001978	-0.000114	-0.000699	-0.000526	-0.000150	-0.000047	-0.000024	0.000138	0.000606	0.001529	0.002859	0.004512	0.006416	0.008558	0.011141	0.013907	0.016525	0.018761	0.020902	0.022799	0.024212	0.024941	0.025095	0.024727	0.023863	0.022435	0.020146	0.017458	0.014949	0.013075	0.011511	0.010233	0.009319	0.008847	0.008839	0.009187	0.009771	0.010541	0.011721	0.013062	0.014236	0.014954	0.015300	0.015451	0.015564	0.015777	0.016043	0.016286	0.016442	0.016440	0.016248	0.015980	0.015762	0.015704	0.015765	0.015890	0.016035	0.016140	0.016149	0.016197	0.016437	0.017031	0.018020	0.019188	0.020297	0.021148	0.021831	0.022425	0.022983	0.023568	0.024214	0.024812	0.025242	0.025370	0.025138	0.024757	0.024461	0.024449	0.024625	0.024919	0.025285	0.025751	0.026567	0.027371	0.027710	0.027195	0.025984	0.024255	0.022146	0.019682	0.016501	0.013061	0.009951	0.007682																																	
																																	0.004219	0.002354	0.001745	0.001708	0.001722	0.001282	0.000359	-0.000503	-0.000729	0.000239	0.002422	0.005235	0.008060	0.010404	0.012604	0.014704	0.016647	0.018417	0.020138	0.021661	0.022792	0.023374	0.023514	0.023225	0.022491	0.021227	0.019206	0.016815	0.014527	0.012696	0.010994	0.009504	0.008416	0.007912	0.007995	0.008479	0.009170	0.009954	0.011077	0.012326	0.013400	0.014040	0.014332	0.014420	0.014429	0.014453	0.014409	0.014313	0.014205	0.014108	0.013967	0.013832	0.013775	0.013863	0.014097	0.014409	0.014727	0.014967	0.015074	0.015206	0.015545	0.016276	0.017435	0.018789	0.020085	0.021124	0.022047	0.022865	0.023548	0.024071	0.024448	0.024685	0.024783	0.024720	0.024411	0.023990	0.023626	0.023450	0.023369	0.023375	0.023487	0.023780	0.024451	0.025162	0.025501	0.025131	0.024246	0.022925	0.021190	0.018981	0.016015	0.012730	0.009667																																		
																																	0.006416	0.004856	0.004152	0.003782	0.003355	0.002428	0.000764	-0.000879	-0.001633	-0.000644	0.002185	0.005869	0.009355	0.011757	0.013506	0.014912	0.016173	0.017469	0.018783	0.019956	0.020832	0.021291	0.021441	0.021257	0.020681	0.019612	0.017888	0.015826	0.013805	0.012092	0.010361	0.008779	0.007620	0.007143	0.007339	0.007962	0.008755	0.009549	0.010604	0.011744	0.012707	0.013268	0.013514	0.013555	0.013476	0.013327	0.012996	0.012582	0.012226	0.012035	0.011932	0.011911	0.011994	0.012209	0.012588	0.013060	0.013540	0.013934	0.014193	0.014477	0.014966	0.015844	0.017146	0.018641	0.020078	0.021270	0.022394	0.023401	0.024187	0.024653	0.024799	0.024725	0.024533	0.024290	0.023889	0.023407	0.022957	0.022623	0.022314	0.022068	0.021949	0.022063	0.022555	0.023126	0.023421	0.023160	0.022557	0.021607	0.020239	0.018334	0.015706	0.012723	0.009823																																		
																																		0.007255	0.006216	0.005193	0.004140	0.002898	0.001073	-0.000652	-0.001438	-0.000435	0.002534	0.006381	0.009919	0.012132	0.013445	0.014306	0.015054	0.015984	0.017001	0.017936	0.018643	0.019014	0.019160	0.019042	0.018582	0.017671	0.016185	0.014399	0.012640	0.011130	0.009570	0.008136	0.007105	0.006741	0.007042	0.007747	0.008584	0.009363	0.010332	0.011351	0.012199	0.012691	0.012908	0.012928	0.012804	0.012553	0.012049	0.011443	0.010933	0.010678	0.010583	0.010615	0.010770	0.011057	0.011513	0.012080	0.012686	0.013256	0.013762	0.014316	0.015045	0.016081	0.017477	0.019030	0.020513	0.021761	0.022951	0.024012	0.024814	0.025231	0.025262	0.025035	0.024684	0.024301	0.023764	0.023145	0.022554	0.022074	0.021611	0.021208	0.020937	0.020897	0.021200	0.021597	0.021796	0.021571	0.021115	0.020397	0.019325	0.017794	0.015737	0.013348																																			
																																		0.010254	0.008512	0.006295	0.004230	0.002760	0.001342	0.000257	-0.000032	0.001004	0.003662	0.007017	0.010012	0.011729	0.012486	0.012777	0.013023	0.013585	0.014334	0.015080	0.015668	0.015984	0.016150	0.016117	0.015794	0.015066	0.013826	0.012331	0.010883	0.009695	0.008508	0.007454	0.006749	0.006608	0.007055	0.007842	0.008709	0.009463	0.010317	0.011178	0.011889	0.012320	0.012545	0.012594	0.012480	0.012175	0.011558	0.010818	0.010189	0.009864	0.009727	0.009740	0.009899	0.010205	0.010677	0.011288	0.012005	0.012801	0.013688	0.014676	0.015770	0.016999	0.018445	0.019969	0.021399	0.022611	0.023748	0.024743	0.025483	0.025860	0.025882	0.025646	0.025254	0.024764	0.024047	0.023216	0.022431	0.021815	0.021275	0.020811	0.020454	0.020258	0.020308	0.020436	0.020444	0.020174	0.019743	0.019153	0.018370	0.017395	0.016344	0.015062																																			
																																			0.010580	0.007119	0.004029	0.002417	0.001614	0.001405	0.001768	0.002804	0.004926	0.007482	0.009670	0.010767	0.010945	0.010697	0.010484	0.010709	0.011228	0.011831	0.012339	0.012624	0.012822	0.012880	0.012702	0.012167	0.011177	0.009984	0.008877	0.008073	0.007368	0.006816	0.006541	0.006674	0.007272	0.008127	0.009003	0.009724	0.010453	0.011149	0.011718	0.012088	0.012322	0.012408	0.012315	0.011981	0.011291	0.010461	0.009749	0.009367	0.009182	0.009160	0.009302	0.009606	0.010065	0.010690	0.011500	0.012529	0.013840	0.015315	0.016813	0.018236	0.019704	0.021156	0.022487	0.023626	0.024666	0.025555	0.026208	0.026551	0.026604	0.026414	0.026027	0.025443	0.024532	0.023466	0.022468	0.021724	0.021134	0.020645	0.020230	0.019881	0.019662	0.019495	0.019282	0.018934	0.018479	0.017968	0.017445	0.017040	0.017049																																				
																																			0.011764	0.007593	0.003916	0.002269	0.001919	0.002306	0.003074	0.004014	0.005594	0.007398	0.008849	0.009410	0.009131	0.008483	0.007941	0.007922	0.008288	0.008807	0.009277	0.009549	0.009766	0.009887	0.009824	0.009463	0.008708	0.007800	0.007022	0.006599	0.006383	0.006346	0.006502	0.006890	0.007599	0.008471	0.009318	0.009994	0.010616	0.011174	0.011619	0.011919	0.012123	0.012198	0.012095	0.011735	0.011008	0.010140	0.009399	0.009002	0.008817	0.008803	0.008960	0.009276	0.009719	0.010345	0.011221	0.012443	0.014108	0.015993	0.017830	0.019412	0.020890	0.022270	0.023513	0.024595	0.025572	0.026393	0.026987	0.027298	0.027358	0.027180	0.026770	0.026090	0.025003	0.023728	0.022539	0.021666	0.021006	0.020466	0.019979	0.019495	0.019059	0.018661	0.018274	0.017868	0.017416	0.016984	0.016652	0.016613	0.017279																																				
																																				0.007654	0.004309	0.002784	0.002381	0.002600	0.003135	0.003806	0.005018	0.006410	0.007486	0.007775	0.007292	0.006489	0.005830	0.005726	0.006056	0.006571	0.007049	0.007317	0.007511	0.007623	0.007602	0.007366	0.006810	0.006155	0.005668	0.005576	0.005791	0.006203	0.006722	0.007293	0.008021	0.008821	0.009574	0.010189	0.010750	0.011236	0.011600	0.011810	0.011897	0.011852	0.011654	0.011249	0.010518	0.009674	0.008977	0.008642	0.008554	0.008650	0.008905	0.009278	0.009729	0.010352	0.011257	0.012584	0.014443	0.016548	0.018570	0.020239	0.021720	0.023063	0.024272	0.025366	0.026394	0.027272	0.027894	0.028171	0.028144	0.027848	0.027308	0.026506	0.025289	0.023880	0.022557	0.021555	0.020765	0.020098	0.019493	0.018902	0.018358	0.017866	0.017420	0.017015	0.016649	0.016329	0.016066	0.015977																																					
																																				0.007328	0.005398	0.004247	0.003340	0.002646	0.002297	0.002475	0.003377	0.004558	0.005499	0.005715	0.005258	0.004543	0.003987	0.003966	0.004399	0.005017	0.005567	0.005834	0.005932	0.005923	0.005841	0.005678	0.005296	0.004888	0.004694	0.004945	0.005628	0.006529	0.007429	0.008149	0.008802	0.009415	0.009984	0.010521	0.011075	0.011569	0.011904	0.011992	0.011848	0.011541	0.011137	0.010657	0.009955	0.009205	0.008636	0.008443	0.008555	0.008871	0.009309	0.009781	0.010250	0.010854	0.011747	0.013105	0.015030	0.017210	0.019291	0.020980	0.022427	0.023725	0.024925	0.026097	0.027322	0.028421	0.029187	0.029430	0.029195	0.028611	0.027802	0.026834	0.025523	0.024049	0.022652	0.021531	0.020579	0.019741	0.018993	0.018320	0.017748	0.017257	0.016819	0.016434	0.016197	0.015980	0.015623	0.015027																																					
																																					0.006511	0.005810	0.004218	0.002325	0.000849	0.000456	0.001080	0.002143	0.003061	0.003309	0.003008	0.002522	0.002195	0.002347	0.002952	0.003724	0.004380	0.004667	0.004666	0.004521	0.004359	0.004251	0.004024	0.003837	0.003913	0.004481	0.005608	0.006976	0.008230	0.009068	0.009604	0.009989	0.010344	0.010792	0.011353	0.011878	0.012200	0.012161	0.011755	0.011149	0.010516	0.009969	0.009331	0.008725	0.008334	0.008326	0.008682	0.009259	0.009912	0.010496	0.010987	0.011562	0.012417	0.013761	0.015671	0.017835	0.019901	0.021573	0.022983	0.024252	0.025463	0.026730	0.028174	0.029521	0.030447	0.030659	0.030200	0.029307	0.028214	0.027082	0.025699	0.024187	0.022736	0.021495	0.020350	0.019304	0.018392	0.017656	0.017118	0.016707	0.016341	0.016009	0.015940	0.015840	0.015332																																						
																																						0.006503	0.004309	0.001407	-0.001012	-0.001887	-0.001500	-0.000535	0.000377	0.000686	0.000573	0.000347	0.000274	0.000611	0.001375	0.002286	0.003048	0.003393	0.003377	0.003194	0.003026	0.002993	0.002897	0.002883	0.003162	0.003969	0.005425	0.007133	0.008643	0.009558	0.009996	0.010196	0.010374	0.010733	0.011269	0.011784	0.012071	0.011926	0.011325	0.010505	0.009720	0.009156	0.008619	0.008182	0.007981	0.008157	0.008738	0.009547	0.010388	0.011071	0.011581	0.012129	0.012941	0.014248	0.016103	0.018204	0.020222	0.021876	0.023290	0.024580	0.025827	0.027153	0.028703	0.030163	0.031158	0.031344	0.030764	0.029706	0.028454	0.027217	0.025773	0.024209	0.022680	0.021297	0.019923	0.018629	0.017533	0.016750	0.016297	0.016036	0.015815	0.015597	0.015747	0.015815	0.015224																																						
																																							0.002805	-0.000507	-0.003307	-0.004419	-0.004203	-0.003354	-0.002489	-0.002137	-0.002086	-0.002090	-0.001955	-0.001486	-0.000649	0.000316	0.001148	0.001613	0.001762	0.001761	0.001765	0.001869	0.001882	0.001964	0.002335	0.003246	0.004823	0.006648	0.008242	0.009184	0.009596	0.009737	0.009839	0.010116	0.010543	0.010939	0.011126	0.010918	0.010271	0.009430	0.008663	0.008174	0.007778	0.007518	0.007494	0.007819	0.008551	0.009499	0.010450	0.011193	0.011714	0.012243	0.013020	0.014286	0.016065	0.018085	0.020052	0.021724	0.023241	0.024658	0.025990	0.027291	0.028699	0.029975	0.030832	0.031004	0.030535	0.029633	0.028498	0.027273	0.025773	0.024102	0.022427	0.020850	0.019174	0.017558	0.016229	0.015404	0.015083	0.015048	0.015073	0.015082	0.015558	0.015933																																							
																																							-0.000750	-0.004022	-0.006753	-0.007873	-0.007700	-0.006879	-0.005988	-0.005509	-0.005209	-0.004916	-0.004524	-0.003924	-0.003091	-0.002168	-0.001308	-0.000641	-0.000103	0.000350	0.000745	0.001065	0.001165	0.001255	0.001596	0.002466	0.003948	0.005654	0.007151	0.008064	0.008524	0.008732	0.008857	0.009047	0.009258	0.009401	0.009395	0.009144	0.008574	0.007880	0.007285	0.006961	0.006762	0.006712	0.006874	0.007333	0.008163	0.009182	0.010178	0.010945	0.011467	0.011972	0.012705	0.013896	0.015534	0.017403	0.019284	0.021020	0.022796	0.024522	0.026048	0.027260	0.028252	0.029014	0.029501	0.029685	0.029603	0.029234	0.028545	0.027476	0.025940	0.024112	0.022205	0.020332	0.018185	0.016062	0.014366	0.013475	0.013343	0.013654	0.014090	0.014530	0.015602	0.016589																																							
																																								-0.007933	-0.010372	-0.011406	-0.011257	-0.010479	-0.009582	-0.008983	-0.008437	-0.007853	-0.007210	-0.006486	-0.005673	-0.004804	-0.003914	-0.003014	-0.002017	-0.001029	-0.000182	0.000367	0.000532	0.000584	0.000834	0.001586	0.002861	0.004327	0.005631	0.006477	0.007002	0.007320	0.007505	0.007613	0.007583	0.007441	0.007230	0.006964	0.006546	0.006092	0.005752	0.005643	0.005674	0.005849	0.006202	0.006790	0.007690	0.008743	0.009753	0.010530	0.011051	0.011537	0.012226	0.013331	0.014801	0.016490	0.018264	0.020059	0.022115	0.024175	0.025901	0.026979	0.027452	0.027577	0.027610	0.027806	0.028199	0.028490	0.028355	0.027492	0.025924	0.023923	0.021767	0.019594	0.016971	0.014337	0.012283	0.011351	0.011457	0.012170	0.013069	0.013969	0.015634																																								
																																									-0.012927	-0.013915	-0.013903	-0.013322	-0.012574	-0.011982	-0.011325	-0.010575	-0.009772	-0.008953	-0.008110	-0.007216	-0.006246	-0.005142	-0.003792	-0.002403	-0.001223	-0.000506	-0.000296	-0.000281	-0.000117	0.000515	0.001582	0.002808	0.003915	0.004675	0.005225	0.005609	0.005832	0.005876	0.005668	0.005323	0.004983	0.004752	0.004518	0.004325	0.004255	0.004372	0.004631	0.005027	0.005566	0.006275	0.007239	0.008317	0.009338	0.010129	0.010663	0.011148	0.011811	0.012847	0.014181	0.015717	0.017379	0.019175	0.021375	0.023611	0.025414	0.026334	0.026361	0.025958	0.025611	0.025794	0.026540	0.027330	0.027616	0.026901	0.025286	0.023133	0.020786	0.018425	0.015521	0.012599	0.010369	0.009484	0.009857	0.010950	0.012226	0.013411																																									
																																										-0.014359	-0.014764	-0.014712	-0.014435	-0.014110	-0.013591	-0.012895	-0.012083	-0.011201	-0.010200	-0.009100	-0.007936	-0.006700	-0.005252	-0.003787	-0.002550	-0.001792	-0.001556	-0.001535	-0.001393	-0.000820	0.000139	0.001235	0.002216	0.002881	0.003351	0.003666	0.003834	0.003836	0.003582	0.003211	0.002892	0.002760	0.002708	0.002744	0.002906	0.003230	0.003703	0.004306	0.005022	0.005859	0.006902	0.008029	0.009086	0.009916	0.010487	0.010999	0.011667	0.012679	0.013964	0.015430	0.017000	0.018682	0.020739	0.022813	0.024447	0.025192	0.025013	0.024407	0.023902	0.024020	0.024799	0.025668	0.026015	0.025286	0.023581	0.021322	0.018915	0.016592	0.013809	0.011060	0.009023	0.008345	0.009019	0.010407	0.011848																																										
																																											-0.014031	-0.015006	-0.015652	-0.015894	-0.015733	-0.015242	-0.014497	-0.013529	-0.012188	-0.010643	-0.009115	-0.007765	-0.006412	-0.005137	-0.004075	-0.003382	-0.003138	-0.003081	-0.002914	-0.002361	-0.001439	-0.000401	0.000493	0.001023	0.001277	0.001359	0.001348	0.001287	0.001064	0.000785	0.000600	0.000624	0.000780	0.001054	0.001460	0.002013	0.002729	0.003571	0.004497	0.005493	0.006648	0.007857	0.008982	0.009877	0.010506	0.011063	0.011761	0.012793	0.014122	0.015605	0.017105	0.018555	0.020176	0.021740	0.022946	0.023489	0.023321	0.022810	0.022355	0.022355	0.022870	0.023421	0.023490	0.022587	0.020731	0.018386	0.016035	0.013998	0.011792	0.009740	0.008328	0.008071	0.009139	0.010791																																											
																																											-0.012323	-0.014424	-0.016104	-0.017028	-0.017369	-0.017231	-0.016669	-0.015662	-0.013949	-0.011900	-0.009977	-0.008560	-0.007428	-0.006496	-0.005743	-0.005184	-0.004951	-0.004853	-0.004651	-0.004112	-0.003217	-0.002226	-0.001411	-0.001025	-0.001017	-0.001203	-0.001406	-0.001496	-0.001607	-0.001691	-0.001655	-0.001422	-0.001036	-0.000516	0.000131	0.000910	0.001855	0.002915	0.004032	0.005172	0.006426	0.007706	0.008892	0.009858	0.010559	0.011182	0.011929	0.013000	0.014403	0.015928	0.017354	0.018514	0.019565	0.020464	0.021124	0.021442	0.021367	0.021069	0.020743	0.020599	0.020720	0.020786	0.020438	0.019302	0.017284	0.014884	0.012653	0.011006	0.009553	0.008400	0.007775	0.008008	0.009481	0.011355																																											
																																												-0.013088	-0.015517	-0.017031	-0.017949	-0.018328	-0.018130	-0.017223	-0.015283	-0.012874	-0.010685	-0.009299	-0.008458	-0.007923	-0.007520	-0.007134	-0.006937	-0.006814	-0.006593	-0.006096	-0.005273	-0.004369	-0.003650	-0.003371	-0.003523	-0.003864	-0.004144	-0.004164	-0.004059	-0.003848	-0.003511	-0.003027	-0.002397	-0.001641	-0.000779	0.000181	0.001280	0.002471	0.003692	0.004907	0.006192	0.007482	0.008685	0.009699	0.010485	0.011196	0.012010	0.013110	0.014551	0.016076	0.017398	0.018271	0.018787	0.019070	0.019216	0.019301	0.019266	0.019115	0.018870	0.018582	0.018352	0.017994	0.017288	0.015966	0.013841	0.011430	0.009329	0.008020	0.007195	0.006784	0.006804	0.007434	0.009213																																												
																																													-0.013432	-0.015260	-0.016798	-0.017915	-0.018358	-0.017797	-0.015942	-0.013509	-0.011336	-0.010140	-0.009642	-0.009496	-0.009430	-0.009236	-0.009102	-0.008985	-0.008784	-0.008387	-0.007745	-0.007035	-0.006459	-0.006219	-0.006340	-0.006587	-0.006706	-0.006482	-0.006010	-0.005379	-0.004647	-0.003862	-0.002976	-0.002007	-0.000984	0.000073	0.001194	0.002358	0.003533	0.004698	0.005898	0.007094	0.008233	0.009257	0.010137	0.010969	0.011867	0.012961	0.014344	0.015761	0.016921	0.017560	0.017734	0.017633	0.017435	0.017290	0.017118	0.016876	0.016543	0.016130	0.015739	0.015223	0.014399	0.013033	0.010921	0.008568	0.006563	0.005386	0.004760	0.004574	0.004796	0.005566																																													
																																														-0.011096	-0.013407	-0.015621	-0.017101	-0.017191	-0.015737	-0.013600	-0.011726	-0.010935	-0.010935	-0.011295	-0.011655	-0.011721	-0.011672	-0.011564	-0.011400	-0.011176	-0.010857	-0.010494	-0.010150	-0.009906	-0.009831	-0.009752	-0.009467	-0.008787	-0.007720	-0.006444	-0.005141	-0.003954	-0.002778	-0.001611	-0.000479	0.000590	0.001591	0.002558	0.003524	0.004518	0.005524	0.006535	0.007547	0.008553	0.009552	0.010553	0.011562	0.012622	0.013848	0.015044	0.015973	0.016419	0.016416	0.016135	0.015739	0.015357	0.014881	0.014326	0.013743	0.013204	0.012796	0.012330	0.011583	0.010298	0.008336	0.006140	0.004213	0.002950	0.002051	0.001522	0.001462																																														
																																															-0.009130	-0.012560	-0.015217	-0.016077	-0.015167	-0.013476	-0.012030	-0.011723	-0.012256	-0.013134	-0.013928	-0.014277	-0.014339	-0.014266	-0.014163	-0.014134	-0.014171	-0.014182	-0.014071	-0.013779	-0.013413	-0.012890	-0.012088	-0.010864	-0.009123	-0.007136	-0.005210	-0.003595	-0.002123	-0.000769	0.000443	0.001478	0.002290	0.002975	0.003651	0.004402	0.005145	0.005906	0.006739	0.007703	0.008828	0.010015	0.011150	0.012164	0.013197	0.014132	0.014804	0.015063	0.014929	0.014524	0.013972	0.013347	0.012511	0.011573	0.010689	0.010030	0.009663	0.009327	0.008732	0.007580	0.005818	0.003813	0.001969	0.000573	-0.000711	-0.001723																																															
																																																	-0.013677	-0.015217	-0.014811	-0.013545	-0.012492	-0.012592	-0.013535	-0.014795	-0.015917	-0.016508	-0.016714	-0.016732	-0.016727	-0.016861	-0.017161	-0.017427	-0.017448	-0.017053	-0.016369	-0.015396	-0.014098	-0.012385	-0.010076	-0.007501	-0.005063	-0.003083	-0.001345	0.000185	0.001476	0.002475	0.003104	0.003520	0.003908	0.004401	0.004845	0.005313	0.005927	0.006822	0.008053	0.009412	0.010666	0.011643	0.012515	0.013224	0.013658	0.013707	0.013369	0.012756	0.011984	0.011114	0.009975	0.008734	0.007617	0.006857	0.006512	0.006272	0.005795	0.004751	0.003139	0.001291	-0.000449	-0.001847																																																	
																																																		-0.015419	-0.015333	-0.014327	-0.013492	-0.013773	-0.014832	-0.016174	-0.017387	-0.018120	-0.018523	-0.018746	-0.018902	-0.019115	-0.019447	-0.019691	-0.019613	-0.019018	-0.018005	-0.016638	-0.014950	-0.012910	-0.010296	-0.007436	-0.004742	-0.002541	-0.000593	0.001109	0.002499	0.003490	0.004004	0.004231	0.004395	0.004646	0.004764	0.004892	0.005241	0.006033	0.007333	0.008833	0.010193	0.011155	0.011951	0.012530	0.012769	0.012535	0.011781	0.010701	0.009516	0.008374	0.007071	0.005730	0.004542	0.003712	0.003314	0.003044	0.002563	0.001535	-0.000074	-0.001883	-0.003484																																																		
																																																			-0.017109	-0.016275	-0.015525	-0.015763	-0.016584	-0.017624	-0.018628	-0.019401	-0.020114	-0.020734	-0.021171	-0.021374	-0.021462	-0.021328	-0.020825	-0.019815	-0.018304	-0.016422	-0.014301	-0.012001	-0.009294	-0.006425	-0.003718	-0.001417	0.000708	0.002594	0.004103	0.005088	0.005499	0.005550	0.005478	0.005428	0.005108	0.004763	0.004735	0.005372	0.006735	0.008395	0.009884	0.010852	0.011627	0.012122	0.012146	0.011478	0.009991	0.008075	0.006176	0.004643	0.003222	0.001902	0.000752	-0.000125	-0.000604	-0.000954	-0.001497	-0.002584	-0.004369	-0.006295																																																			
																																																				-0.018264	-0.017550	-0.017668	-0.018147	-0.018779	-0.019488	-0.020261	-0.021297	-0.022344	-0.023079	-0.023243	-0.023009	-0.022404	-0.021407	-0.019966	-0.017982	-0.015639	-0.013156	-0.010682	-0.008004	-0.005259	-0.002653	-0.000324	0.001941	0.003995	0.005621	0.006606	0.006940	0.006849	0.006570	0.006227	0.005463	0.004630	0.004208	0.004669	0.006064	0.007853	0.009454	0.010436	0.011231	0.011694	0.011543	0.010444	0.008187	0.005386	0.002745	0.000851	-0.000601	-0.001792	-0.002818	-0.003721	-0.004314	-0.004806	-0.005466	-0.006643	-0.008642																																																				
																																																						-0.018403	-0.018715	-0.019146	-0.019719	-0.020520	-0.021766	-0.023082	-0.024009	-0.024166	-0.023750	-0.022879	-0.021616	-0.019973	-0.017794	-0.015275	-0.012668	-0.010157	-0.007549	-0.004918	-0.002400	-0.000067	0.002288	0.004461	0.006176	0.007178	0.007492	0.007339	0.006946	0.006411	0.005333	0.004148	0.003429	0.003735	0.005096	0.006914	0.008551	0.009546	0.010398	0.010904	0.010699	0.009359	0.006616	0.003252	0.000162	-0.001886	-0.003207	-0.004149	-0.004977	-0.005882	-0.006648	-0.007371	-0.008219																																																						
																																																								-0.018214	-0.019070	-0.020002	-0.021234	-0.022476	-0.023358	-0.023572	-0.023269	-0.022555	-0.021496	-0.020119	-0.018316	-0.016203	-0.013936	-0.011614	-0.009066	-0.006420	-0.003866	-0.001514	0.000870	0.003084	0.004850	0.005911	0.006309	0.006244	0.005914	0.005392	0.004288	0.003048	0.002259	0.002481	0.003710	0.005391	0.006947	0.007969	0.008959	0.009657	0.009636	0.008410	0.005713	0.002385	-0.000615	-0.002447	-0.003378	-0.003893	-0.004417	-0.005299	-0.006345																																																								
																																																										-0.018706	-0.019719	-0.020541	-0.021102	-0.021338	-0.021242	-0.020888	-0.020353	-0.019725	-0.019045	-0.018170	-0.016941	-0.015173	-0.012761	-0.010029	-0.007348	-0.004984	-0.002635	-0.000438	0.001372	0.002579	0.003233	0.003482	0.003471	0.003242	0.002470	0.001545	0.000974	0.001224	0.002230	0.003611	0.004989	0.006139	0.007526	0.008756	0.009274	0.008486	0.006163	0.003204	0.000620	-0.000674	-0.000846	-0.000589	-0.000572																																																										
																																																												-0.017728	-0.017875	-0.018198	-0.018517	-0.018800	-0.019069	-0.019414	-0.020075	-0.020641	-0.020610	-0.019485	-0.017221	-0.014375	-0.011543	-0.009185	-0.006919	-0.004794	-0.002979	-0.001622	-0.000679	-0.000061	0.000314	0.000452	0.000120	-0.000379	-0.000653	-0.000369	0.000344	0.001324	0.002444	0.003691	0.005453	0.007225	0.008366	0.008214	0.006616	0.004439	0.002633	0.002102	0.002813																																																												
																																																														-0.014959	-0.016079	-0.017424	-0.018773	-0.020040	-0.021656	-0.023133	-0.023828	-0.023108	-0.020909	-0.017950	-0.014999	-0.012667	-0.010521	-0.008527	-0.006785	-0.005380	-0.004276	-0.003435	-0.002831	-0.002483	-0.002553	-0.002805	-0.002944	-0.002738	-0.002368	-0.001823	-0.001042	0.000110	0.001880	0.003805	0.005325	0.005892	0.005459	0.004637	0.004077																																																														
																																																																-0.018014	-0.020868	-0.022808	-0.024406	-0.025517	-0.025812	-0.024911	-0.022576	-0.019506	-0.016503	-0.014213	-0.012212	-0.010420	-0.008883	-0.007638	-0.006666	-0.005956	-0.005502	-0.005343	-0.005620	-0.006107	-0.006523	-0.006653	-0.006687	-0.006587	-0.006254	-0.005590	-0.004576	-0.003335	-0.002004	-0.000678	0.000757																																																																
																																																																			-0.029617	-0.028936	-0.027540	-0.025773	-0.022999	-0.019723	-0.016661	-0.014398	-0.012580	-0.011094	-0.009933	-0.009092	-0.008578	-0.008388	-0.008512	-0.008995	-0.010013	-0.011287	-0.012475	-0.013294	-0.013906	-0.014377	-0.014729	-0.015089	-0.015833	-0.016333																																																																			
																																																																							-0.022391	-0.018942	-0.015878	-0.013674	-0.012070	-0.010937	-0.010218	-0.009870	-0.009933	-0.010396	-0.011238	-0.012504	-0.014418	-0.016636	-0.018729	-0.020318	-0.021521	-0.022559																																																																							
																																																																																																																																																															
																																																																																																																																																															
																																																																																																																																																															
																																																																																																																																																															
																																																																																																																																																															
																																																																																																																																																															
																																																																																																																																																															
																																																																																																																																																															
																																																																																																																																																															
																																																																																																																																																															
																																																																																																																																																															
																																																																																																																																																															
																																																																																																																																																															
																																																																																																																																																															
																																																																																																																																																															
