zonal
Wavefront
Acquisition 	2020/10/14 14:17:17.553
Save 	2020/10/14 16:27:39.395

ASO Size : 40 x 32; ASO Step : 114.077560 um x 114.052567 um
Selection : Tilt X 0; Tilt Y 0; Focus 1; Astig 0° 1; Astig 45° 1
Unity : Microns
Area Size : 40 x 32; Area Step : 114.077560 um x 114.052567 um
																																							
																																							
																				0.004770	-0.002374	-0.019577																	
														-0.004182	-0.016169	-0.019048	-0.015059	-0.011157	-0.010247	-0.005507	-0.008224	-0.014105	-0.009535	0.002858															
													-0.034661	-0.031740	-0.033887	-0.028352	-0.021382	-0.011810	-0.006362	-0.006629	-0.009067	-0.008725	-0.010637	-0.015237	-0.010880	0.005495													
											-0.033330	-0.039104	-0.038653	-0.037527	-0.031639	-0.029060	-0.020603	-0.009685	-0.008878	-0.009799	-0.005278	-0.001106	-0.000651	-0.009404	-0.013141	-0.016235	-0.021966	-0.032543											
										-0.023739	-0.020535	-0.029122	-0.028748	-0.023731	-0.022474	-0.024572	-0.018124	-0.008991	-0.010002	-0.003437	0.000112	0.004227	0.005727	-0.000001	-0.008080	-0.017676	-0.021658	-0.028623	-0.025018										
										-0.003513	-0.006122	-0.011541	-0.013901	-0.010788	-0.013365	-0.018182	-0.021516	-0.013712	-0.004796	0.003011	0.007451	0.008891	0.008438	0.005060	-0.000509	-0.011551	-0.017871	-0.021735	-0.019312	-0.009538									
									0.006636	0.000297	-0.004006	-0.004183	-0.003536	-0.002690	-0.001186	-0.005930	-0.012324	-0.009732	0.000258	0.008813	0.012384	0.011337	0.011663	0.011608	0.006714	0.002100	-0.009425	-0.015605	-0.015441	-0.006418									
								-0.002381	-0.005333	-0.008157	-0.004700	-0.001556	-0.003260	0.001551	0.007911	0.011387	0.008314	0.004086	0.006046	0.013633	0.013717	0.012785	0.017445	0.019477	0.018684	0.013429	0.008885	-0.003247	-0.011217	-0.006301	0.002267								
								-0.017359	-0.010996	-0.002143	0.001828	0.005225	0.002781	0.003830	0.021370	0.026519	0.022192	0.017736	0.013055	0.016488	0.017468	0.015890	0.019226	0.020357	0.017653	0.015627	0.012034	0.003984	-0.006424	-0.005611	0.002416								
							-0.000460	-0.022585	-0.016914	0.001899	0.013050	0.012463	0.006040	0.010131	0.027218	0.033911	0.033434	0.027783	0.019589	0.019049	0.016880	0.016246	0.019950	0.019614	0.017448	0.014006	0.008700	0.002917	-0.006724	-0.008279	-0.004632	-0.005959							
							-0.009679	-0.030117	-0.021953	-0.000240	0.011397	0.012139	0.012953	0.012323	0.023936	0.036001	0.041283	0.036904	0.025005	0.020471	0.018897	0.019283	0.024562	0.025176	0.026386	0.022972	0.014006	0.005956	0.000807	-0.006538	-0.011362	-0.016334							
							-0.011575	-0.029498	-0.021476	-0.003233	0.015784	0.017392	0.010536	0.010858	0.020197	0.028955	0.038280	0.037697	0.028036	0.026355	0.026033	0.024772	0.027152	0.034659	0.036407	0.030767	0.022584	0.014491	0.010272	0.000783	-0.007936	-0.015331							
							-0.005507	-0.019738	-0.013281	0.004634	0.009743	0.010126	0.007702	0.008574	0.008218	0.019924	0.032804	0.031542	0.030136	0.032917	0.028090	0.023388	0.030567	0.035008	0.035110	0.028433	0.022975	0.020182	0.018516	0.009496	-0.000076	-0.006138							
							0.004186	-0.013746	-0.012813	-0.000223	0.006820	0.004828	0.007769	0.006914	0.006302	0.013240	0.020339	0.025028	0.030559	0.031064	0.026182	0.023405	0.027613	0.028514	0.027190	0.023469	0.019698	0.023524	0.026723	0.013847	0.002230	0.006161							
							0.005832	-0.013001	-0.007110	-0.004504	0.001954	0.006926	0.008874	0.012849	0.014164	0.017010	0.019274	0.023976	0.026791	0.026056	0.021591	0.022255	0.022857	0.024083	0.023591	0.023036	0.022602	0.024750	0.031187	0.016139	0.004618	0.015573							
						-0.029258	0.002027	-0.007704	-0.003097	-0.001512	0.000482	0.004517	0.008171	0.012183	0.016800	0.017111	0.019713	0.024189	0.024069	0.022695	0.020204	0.018031	0.018334	0.019916	0.023803	0.025457	0.025791	0.027442	0.031492	0.022687	0.008216	0.014529							
							0.003581	-0.006326	0.000332	-0.001292	0.001252	0.003586	0.010296	0.016004	0.012483	0.009700	0.014657	0.019461	0.021690	0.020266	0.018651	0.017474	0.016944	0.018070	0.022451	0.025258	0.027890	0.031174	0.029695	0.022073	0.009119	0.006889							
							0.012167	-0.003855	-0.003160	0.000880	0.003513	0.014921	0.023230	0.022282	0.012632	0.008616	0.009714	0.014514	0.015981	0.017674	0.016445	0.015961	0.016009	0.019081	0.020964	0.024050	0.023479	0.025448	0.027062	0.018864	0.006021	0.002358							
							0.011832	0.004825	0.001615	-0.003252	0.009327	0.014514	0.018320	0.017530	0.010705	0.005290	0.007294	0.010984	0.011282	0.009647	0.009726	0.011635	0.013567	0.019029	0.022850	0.022250	0.020073	0.018389	0.018862	0.014896	0.004771								
								0.013013	0.001027	0.001733	0.006683	0.004816	0.006263	0.006611	0.004180	0.004857	0.007897	0.009852	0.009943	0.007219	0.007300	0.010042	0.017344	0.022687	0.025722	0.024700	0.019699	0.016372	0.013052	0.010950	0.011887								
									0.004733	-0.004767	-0.002779	-0.002689	0.000418	0.000333	0.001004	0.007047	0.008257	0.009662	0.006959	0.005962	0.009051	0.011851	0.019363	0.024873	0.029723	0.026245	0.020001	0.013870	0.009054	0.006803									
									-0.007491	-0.016170	-0.015518	-0.012652	-0.008752	-0.003581	-0.002691	0.001291	0.002804	0.001701	0.001578	0.003610	0.007710	0.010339	0.016225	0.023926	0.023258	0.025631	0.018295	0.009990	0.009761										
										-0.007672	-0.017975	-0.020449	-0.012475	-0.010506	-0.009684	-0.007018	-0.007634	-0.006019	-0.002625	0.002107	0.007038	0.010606	0.015884	0.016689	0.016196	0.014270	0.006867	0.007200	0.014688										
											-0.001581	-0.016987	-0.015210	-0.019465	-0.020202	-0.020870	-0.016201	-0.006157	0.000243	0.002152	0.003932	0.009053	0.011189	0.008705	0.004255	0.002816	-0.003041	-0.005583											
												-0.020424	-0.020484	-0.022510	-0.026645	-0.023457	-0.014295	-0.004170	0.004020	0.004120	0.000856	0.006729	0.007056	-0.003433	-0.007006	-0.010508	-0.015620												
														-0.015457	-0.015738	-0.022916	-0.027476	-0.017452	-0.009975	-0.006517	-0.006537	-0.002986	0.002352	0.003097	0.007839														
																-0.041283	-0.027493	-0.015258	-0.012413	-0.016852	-0.028073	-0.027522																	
																																							
																																							
																																							
